        1  0.398621  0.161177  0.145581  0.409086
        2  0.238036  0.143413  0.155809  0.320341
        3   0.29503  0.170331  0.158553  0.268952
        4  0.526433  0.310669  0.191183  0.150682
        5  0.554403  0.313531  0.184733  0.166725
        6 0.0865338  0.168479  0.147734  0.226514
        7  0.139582   0.15861  0.124526  0.298177
        8  0.460351  0.227352  0.116713  0.159153
        9  0.491263  0.234513 0.0887108  0.152964
       10   0.30881  0.165395 0.0648003  0.295515
       11  0.557974  0.221725 0.0359027  0.282812
       12  0.570524  0.287441 0.0778047  0.310943
       13   0.55516  0.304048 0.0889643  0.388362
       14   0.44098  0.267232  0.101973  0.455045
       15  0.427466  0.255982 0.0919223  0.406713
       16  0.408479  0.237041 0.0998804  0.314156
       17  0.381763  0.222174 0.0822481  0.347248
       18  0.582318  0.270061 0.0974016  0.303339
       19  0.374191  0.174976  0.059376   0.17038
       20   0.20413 0.0839345 0.0428527 0.0907891
       21 0.0621162 0.0673549  0.033452 0.0548072
       22  0.311694  0.176846 0.0697432 0.0662279
       23  0.446401  0.232329  0.083949   0.26117
       24  0.451954  0.250924  0.100414  0.248285
       25   0.43211  0.261111  0.102568  0.119732
       26  0.402081    0.2628  0.105709  0.144942
       27  0.781794  0.352258  0.121041 0.0428674
       28  0.189698  0.150111 0.0775096  0.199089
       29  0.164776 0.0260583 0.0490445  0.336801
       30  0.215788 0.0880822 0.0590117  0.259266
       31  0.283694 0.0869053 0.0315164  0.127041
       32  0.284512 0.0937897 0.0180968 0.0834697
       33  0.316715  0.113536 0.0189762  0.320863
       34   0.37032  0.110935 0.0336735  0.406394
       35  0.549768  0.139403 0.0188514  0.374828
       36 0.0943579 0.0187154 0.0572632  0.292462
       37    0.1722 0.0812282 0.0762326  0.125125
       38  0.195148 0.0164948 0.0624569 0.0314052
       39  0.312728  0.109265 0.0803105  0.101594
       40  0.157498 0.0542576 0.0885919  0.155032
       41  0.262843  0.179102  0.123257  0.164484
       42  0.565868  0.340527  0.172324 0.0798454
       43  0.834974  0.449143  0.195166 0.0283056
       44  0.652525  0.384175  0.183262 0.0614826
       45  0.400831  0.269962  0.153233 0.0798597
       46  0.511574  0.228491  0.108898   0.11347
       47  0.443619  0.216112  0.111708  0.227649
       48  0.509274  0.231434 0.0823371   1.92197
       49  0.269004 0.0434745 0.0725457   5.97008
       50    17.579   17.3253   16.6892   11.0284
       51   16.9384   17.0669   16.5973   15.0906
       52   16.7542   16.8747   16.4726   17.2144
       53   16.4587   16.6299   16.3072   16.9226
       54   16.4661   16.4528   16.1204   16.5785
       55   16.3446   16.2249   15.8988   16.2623
       56   15.9219   15.8908   15.6283    15.929
       57   15.4231   15.5153   15.3295   15.5131
       58    15.157    15.189   15.0216   15.0765
       59   14.9023     14.86   14.6991   14.5267
       60   14.9322    14.584   14.3733   14.0713
       61   13.7348   13.9424   13.9638   13.7115
       62   13.4087   13.5338   13.5951    13.421
       63   13.0214   13.1552   13.2335   13.1229
       64   12.9216   12.8733   12.8927   12.8864
       65   12.3927    12.472   12.5284   12.6067
       66   12.4016    12.233   12.1995   12.4208
       67   12.0201   11.8949   11.8514   12.1538
       68   11.6477    11.548   11.5008   11.7373
       69   11.4808   11.2469   11.1589   11.1969
       70   10.9269   10.8346   10.7935   10.7171
       71   10.5848   10.4883   10.4423   10.3408
       72   10.1411   10.1195   10.0864   10.0032
       73   9.86999   9.78924    9.7371     9.649
       74   9.40415   9.39359   9.37242   9.27508
       75   9.16639   9.06686   9.02247   8.91465
       76   9.04742   8.79284   8.68439   8.57263
       77   8.46791   8.37896   8.31595   8.29641
       78   8.04897   8.00373   7.95394   8.01307
       79   7.91795   7.70864   7.60731   7.69285
       80   7.44923   7.30793   7.23716   7.28764
       81   7.10826   6.92171   6.86732   6.79091
       82   6.18243   6.37535    6.4648   6.34928
       83   6.00901   6.04571   6.10776   5.95246
       84   5.30584   5.56286   5.72026   5.60906
       85   4.92334   5.18399     5.358   5.28948
       86   4.69957   4.87874   5.01587   4.98576
       87   4.50261   4.59649   4.68303    4.6397
       88   4.40897   4.34437   4.35917   4.30828
       89   4.03158   4.00176   4.01853   3.92071
       90    3.6158   3.63172   3.67496   3.51699
       91   3.62366   3.37021   3.35841   3.19328
       92   3.43094   3.03327   3.03326   2.84984
       93   2.63727   2.55239    2.6913   2.51119
       94   1.93383   2.09415   2.36894   2.10037
       95   1.62312   1.77332   2.09791   1.67301
       96   1.70483   1.56891   1.87236   1.21415
       97   1.46029   1.33452    1.6734  0.787197
       98   1.21083   1.10998    1.5079  0.395672
       99  0.634052  0.817453   1.36398  0.259745
      100  0.548931  0.698293   1.29374  0.232016
