        1  0.913873  0.660496  0.205772
        2  0.780645  0.322141  0.131755
        3  0.199256  0.131128 0.0882306
        4  0.305104  0.162507 0.0966149
        5  0.600946  0.353899  0.139357
        6  0.965486  0.766177  0.190175
        7   1.18363  0.940949  0.170282
        8  0.808819  0.548239 0.0623944
        9  0.439229   0.16186 0.0523219
       10  0.280834  0.244508  0.158163
       11  0.480571  0.491057  0.253952
       12  0.727267  0.551516  0.248019
       13  0.677613  0.454475  0.224007
       14  0.819445    0.4043   0.20168
       15  0.573998  0.108745  0.172224
       16  0.368072  0.163455  0.169954
       17   0.50147  0.417817  0.168776
       18  0.678041  0.370351  0.164195
       19  0.351101  0.246717  0.146089
       20  0.422933 0.0398912  0.136501
       21  0.620161  0.318708  0.148257
       22  0.909595  0.529494  0.169539
       23  0.686493  0.528365  0.204635
       24    1.5948  0.983548  0.247876
       25  0.479089  0.499302  0.200213
       26  0.261692  0.283813  0.149334
       27  0.452134  0.178706 0.0973913
       28   0.30703     0.199  0.047731
       29   0.65375   0.36977  0.040442
       30  0.731012  0.464498 0.0804862
       31  0.777598  0.405244  0.106968
       32  0.774954  0.396631  0.141696
       33  0.322857  0.364077  0.184803
       34   1.16197  0.743567  0.237188
       35  0.608146  0.482172  0.222997
       36  0.356864  0.177601  0.231692
       37  0.678511 0.0219028  0.255498
       38  0.520815  0.171897  0.283182
       39  0.559589  0.371784  0.285497
       40  0.258017  0.281677   0.23705
       41  0.304528  0.208067  0.192984
       42  0.412947  0.177908  0.153495
       43  0.722912   0.22223  0.123335
       44   1.03954  0.486678  0.116267
       45  0.597541  0.468701 0.0950192
       46  0.141658  0.131081 0.0377787
       47  0.618451  0.287412 0.0328353
       48   1.15615  0.725635  0.106188
       49  0.465407  0.499559   1.37051
       50   17.7542   17.3938   16.8853
       51    17.609   17.4694   17.3076
       52   17.3726   17.2518   17.0922
       53   17.0869   17.0263   16.8139
       54   17.0598   16.8013   16.5022
       55   16.6394   16.4765   16.1799
       56   16.2584   16.1131   15.8543
       57   15.7245   15.7879   15.5183
       58   15.8071   15.4946   15.1796
       59   14.9912   14.8419   14.8237
       60   13.9856   14.1888   14.4666
       61   14.1111   13.7637   14.1118
       62   13.1448   13.3391   13.7618
       63   12.8541   13.2317   13.4172
       64   14.4409   13.7317   13.0782
       65   12.7652   12.8867   12.6886
       66   12.1726   12.3426   12.2894
       67     12.18   11.9317   11.8983
       68   11.4768   11.4259    11.503
       69   10.7455     10.92   11.1132
       70   10.9304   10.6588   10.7368
       71    9.8458   10.1077   10.3612
       72   9.31347   9.61123   9.99576
       73   9.37519   9.42184   9.64259
       74   8.50207     9.117   9.29805
       75   9.34258   9.18245   8.95274
       76   8.64423   8.69116   8.57635
       77    8.9738    8.4783    8.2008
       78   7.42093   7.64531   7.82231
       79    7.3706   7.37051   7.50084
       80   7.22211   7.14891     7.193
       81   7.07438   6.92843   6.88634
       82   6.78938   6.70954   6.58048
       83   6.50652   6.53449    6.2782
       84   6.79984   6.42239   5.97618
       85   6.26026   5.90682   5.57924
       86   5.35038   5.18069   5.17749
       87   4.89056   4.60917   4.77627
       88   4.14503   4.15112     4.408
       89   3.36624   3.70117   4.03853
       90   3.38181   3.48566   3.69511
       91   3.41116   3.27068   3.36355
       92   2.76752   2.95861   3.04854
       93   2.86194   2.82757    2.7432
       94   2.94839   2.73367   2.44145
       95   2.37376   2.19457    2.0435
       96   1.62251   1.60588   1.62481
       97  0.883553   1.02145   1.21039
       98  0.409466  0.592072  0.816108
       99   0.99883   0.66691  0.513816
      100   1.09175  0.812941  0.451918
