          1 0.000572958     0.52218     1.06247      1.4154     2.01317
          2 0.000572958    0.512103     1.04962     1.43814     1.95266
          3 0.000572958    0.547547     1.01274     1.41424     1.90684
          4 0.000572958    0.534286     1.03108     1.44944     2.03306
          5 0.000572958    0.565811     1.02687     1.54693     2.02331
          6 0.000572958    0.521041     1.08315     1.43665     2.00971
          7 0.000572958    0.518153     1.01849     1.42691     1.94048
          8 0.000572958    0.553306    0.996532     1.52374     1.98339
          9 0.000572958    0.506808    0.983452     1.48874     1.89465
         10 0.000572958     0.51782     1.01743     1.41678     1.85582
         11 0.000572958     0.50093     1.06754     1.39547      1.8128
         12 0.000572958    0.518045    0.992912     1.49331     1.95274
         13 0.000572958    0.490872    0.979373     1.40818     1.92369
         14 0.000572958    0.528852    0.906744     1.48576     1.92744
         15 0.000572958    0.579059    0.955883     1.55408     1.94643
         16 0.000572958    0.590859    0.959671     1.45849     1.93299
         17 0.000572958    0.615772    0.973269     1.52821     1.96189
         18 0.000572958    0.547836    0.998026     1.51598     1.94095
         19 0.000572958    0.541821     1.02005     1.41888     2.00315
         20 0.000572958    0.506143     1.05132     1.49661     1.90491
         21 0.000572958    0.516509     1.09451     1.57026     1.87109
         22 0.000572958    0.549625     1.08557     1.58755     1.96623
         23 0.000572958     0.55823     1.09389     1.38767     1.91154
         24 0.000572958    0.534215     1.03156     1.47858     1.74455
         25 0.000572958    0.581972     1.01474     1.43093     2.08699
         26 0.000572958     0.55309     1.00563     1.48936     1.93611
         27 0.000572958    0.554562     1.05809     1.33079     1.98178
         28 0.000572958    0.560601     1.09551     1.33386     1.92101
         29 0.000572958    0.523227     1.00762     1.43386     2.09094
         30 0.000572958    0.530546    0.948459     1.26815     1.99549
         31 0.000572958    0.537142    0.973933     1.47515     2.11355
         32 0.000572958    0.540738    0.929532     1.45857     1.99508
         33 0.000572958    0.535742    0.915079      1.4859     1.93884
         34 0.000572958    0.503777     1.03609     1.41596     1.89997
         35 0.000572958    0.588881    0.936192     1.54424     1.84229
         36 0.000572958    0.546703    0.981619     1.36353     1.88026
         37 0.000572958    0.504915    0.952726     1.32397      1.9814
         38 0.000572958    0.547912    0.987112     1.37788     1.94054
         39 0.000572958    0.578659    0.996673     1.41266     1.90666
         40 0.000572958    0.507811     1.02616     1.51312      2.0009
         41 0.000572958    0.574922     1.02628     1.45904     1.91512
         42 0.000572958    0.531863     1.05619     1.39787     1.96002
         43 0.000572958    0.501974    0.900613     1.51623      1.8684
         44 0.000572958    0.477893    0.945497     1.53873     1.93018
         45 0.000572958    0.567109     1.01204     1.41735     1.94691
         46 0.000572958    0.508368    0.938594     1.42427     1.81605
         47 0.000572958    0.523284     0.94754     1.42773     2.08623
         48 0.000572958    0.520083    0.999394     1.43673     1.89567
         49 0.000572958    0.544022     1.00614     1.43862     1.86056
         50    0.347933    0.663297     1.08351     1.63021      2.2102
         51    0.351093      0.6649     1.10583     1.55086      1.9689
         52    0.400526    0.709008     1.11649     1.51874      2.1301
         53    0.430674    0.755658     1.05944     1.65952     1.91392
         54    0.430674    0.752198     1.13198     1.49047     2.08966
         55    0.430674    0.751998     1.11332     1.47582     2.23329
         56    0.430674    0.720888     1.13695     1.51763     2.12098
         57    0.430674    0.707493     1.16305     1.55944     1.81706
         58    0.430674    0.705874      1.1397     1.62633      2.0531
         59    0.430674     0.75892     1.15524     1.75841     1.87889
         60    0.430674    0.704787     1.14527     1.54657     1.91956
         61    0.430674    0.741171     1.20551     1.54837     1.95956
         62    0.430674    0.722211     1.14058     1.55097     1.97788
         63    0.430674    0.738372     1.07755     1.45459     1.99926
         64    0.430674    0.706177     1.13509     1.48624     1.93313
         65    0.430674    0.688905     1.15517     1.49818     1.96255
         66    0.430674     0.70478     1.11676      1.4606     2.01443
         67    0.430674     0.70804     1.17444     1.37106     2.11999
         68    0.430674    0.687083     1.18494     1.43383     2.05274
         69    0.430674    0.709012     1.11378     1.58125     2.09952
         70    0.430674    0.742905     1.06607     1.50746     2.02388
         71    0.430674    0.741303     1.05367     1.56205     1.99044
         72    0.430674    0.702717      1.1253     1.58287     2.19719
         73    0.430674     0.69008     1.07932     1.54318     1.95465
         74    0.430674    0.705451     1.07304      1.5281     2.07448
         75    0.430674    0.684707     1.09805     1.39104     2.01402
         76    0.430674    0.688074     1.15013     1.40889       1.976
         77    0.430674    0.719429     1.14597     1.34675     2.06077
         78    0.430674    0.678272     1.09031     1.46547     2.00775
         79    0.430674    0.683218     1.09363      1.6153     2.12064
         80    0.430674    0.707171     1.19458     1.51094     2.15975
         81    0.430674    0.709235     1.19133     1.61443     2.06832
         82    0.430674    0.729829     1.12246     1.53502     1.90492
         83    0.430674    0.696421     1.13977     1.44118     1.95776
         84    0.430674    0.681634     1.15937     1.46979      1.9917
         85    0.430674    0.724774     1.07484     1.47304     2.03318
         86    0.430675    0.712617     1.11949     1.56499     2.04048
         87    0.430674    0.740739     1.14255     1.55962     1.99316
         88    0.430674    0.742278      1.1371     1.51067     1.80246
         89    0.430674    0.748033     1.04788     1.67964     2.02787
         90    0.430674    0.725044     1.06459     1.42372     2.10018
         91    0.430674    0.700815     1.06237     1.36333     2.00394
         92    0.430674    0.711074     1.12657     1.38179     1.91243
         93    0.430674    0.722689     1.14751     1.49865     2.10554
         94    0.430674    0.744083      1.0356     1.60921     1.85349
         95    0.430674    0.762302     1.06632       1.519     1.93445
         96    0.430674    0.750629     1.13766     1.54512     1.91733
         97    0.430674     0.70236     1.11653     1.42876     1.93259
         98    0.400527    0.682706     1.11536     1.42747     1.97886
         99    0.351094    0.661824     1.06799     1.47347     1.81975
        100    0.347933    0.659246      1.1347     1.42776     1.90782
