        1     1.855  0.979679  0.429477  0.219847 0.0745874 0.0369853
        2   1.94281   1.01311  0.394703   0.20947 0.0748297  0.035302
        3   1.91849  0.885433  0.377996  0.190783 0.0675285 0.0342075
        4   1.89434  0.869374  0.351891  0.184982 0.0704902 0.0393929
        5   1.80686  0.876915  0.388753  0.201209 0.0733343 0.0401663
        6   1.85682  0.907596  0.385775  0.204278  0.073689 0.0435436
        7   2.00817  0.964609  0.431289  0.223941 0.0760451  0.047236
        8   2.24021   1.06786  0.457985  0.226765  0.078226 0.0446605
        9     2.064   1.01886  0.431394   0.22748 0.0845322 0.0451621
       10   1.91837  0.982015  0.449087  0.236534  0.082773 0.0420558
       11   1.98747   0.94552  0.407811  0.222728  0.083673 0.0433842
       12   1.76982  0.888794  0.378784  0.199615 0.0733316 0.0409384
       13   1.86739  0.857757   0.36874  0.183297 0.0686243 0.0433399
       14   1.76449  0.875565  0.356294  0.178757 0.0638965 0.0398278
       15   1.78498  0.819408   0.33345  0.182383 0.0652459 0.0415908
       16   1.74479  0.860986  0.375775  0.195975  0.060226 0.0406552
       17   1.75614  0.864761  0.365393  0.189445 0.0681765  0.041348
       18   1.82706  0.879645  0.373578  0.186191 0.0653903 0.0404508
       19   1.75251  0.848407  0.343159  0.181759  0.066373 0.0399726
       20   1.79479  0.885125  0.378147  0.202794 0.0722146 0.0405261
       21   1.73699  0.892364  0.405973  0.227061 0.0819501 0.0409367
       22   2.01258  0.989175  0.419082  0.224415 0.0809797 0.0422597
       23   1.90304  0.996662  0.426028  0.220952 0.0830724 0.0424236
       24   1.77939  0.874766   0.37625   0.20762 0.0764201 0.0421973
       25   1.94113  0.954651  0.379483  0.196104 0.0742644 0.0417673
       26     1.863   0.91242  0.344779   0.18685 0.0720294 0.0409246
       27   1.72938  0.898602  0.371056  0.202495 0.0741575 0.0421502
       28   1.95873  0.930185  0.382138  0.202258 0.0723954 0.0411945
       29   1.78649  0.882425  0.374456  0.198909 0.0705255 0.0410643
       30   1.78032  0.799966  0.340346  0.177534 0.0635055 0.0399447
       31   1.81993  0.877759  0.365644  0.182446 0.0655535  0.041128
       32   1.80625  0.916292  0.365414   0.18546 0.0645008 0.0400204
       33    1.7085  0.812696   0.34843  0.183288 0.0631217 0.0395135
       34   1.75494  0.845198  0.356683   0.18905 0.0656126 0.0400977
       35   1.88239  0.834315  0.359412  0.188478 0.0649893 0.0408047
       36    1.8895  0.882135  0.356168  0.193579 0.0684834  0.042197
       37   1.73307   0.83235  0.368958  0.189379 0.0615343 0.0415287
       38   1.77128  0.790106  0.326887  0.168616 0.0583847 0.0404815
       39   1.74276  0.829651  0.350075  0.183229 0.0629669 0.0415701
       40   1.86526  0.866373    0.3451  0.170611 0.0563046 0.0424939
       41   1.91757  0.891826  0.364927  0.176509 0.0578634 0.0406176
       42    1.7617  0.911908  0.375809  0.183512 0.0570153 0.0412577
       43   1.74458  0.842558  0.354018  0.180791 0.0592491 0.0420392
       44   2.02629  0.991801  0.427103  0.212584  0.071541 0.0459046
       45   1.93782  0.941128  0.406164  0.209268 0.0676519 0.0450815
       46   1.96765   0.96434  0.407871  0.205782 0.0675669 0.0446122
       47   1.87488  0.917165  0.382347  0.200501 0.0722338 0.0453545
       48    1.9979  0.952278  0.394529  0.208113 0.0735716 0.0471367
       49   1.95589  0.991646  0.428064  0.234422  0.080332 0.0465418
       50   2.02668   1.18379  0.577939  0.330193  0.170359  0.125935
       51   1.94838   1.06711  0.538193  0.349352    0.2075  0.157346
       52   1.87534  0.989852  0.558017  0.401488  0.255599  0.199301
       53   2.01605   1.08568  0.626941  0.476589  0.323803   0.25651
       54   1.90298   1.11016  0.692344  0.538239   0.38274   0.31316
       55   2.04705   1.18248  0.711493  0.583603  0.429654  0.362689
       56   2.01603   1.09661  0.730969  0.608961   0.47055  0.403944
       57   2.00994    1.1153  0.715428  0.621633  0.498171  0.437262
       58   2.04084   1.09062  0.733469  0.629696  0.518771  0.465617
       59    2.0793   1.14841  0.758475  0.641928  0.537533  0.488811
       60   1.93403    1.1214   0.74598  0.636091  0.544109  0.504242
       61   2.00075   1.16266  0.735979  0.621752  0.544938   0.51454
       62    2.1208   1.17117  0.704685  0.604272  0.549981  0.525511
       63    1.9792   1.07966  0.690835  0.597928  0.550518  0.529623
       64    1.9727    1.0999  0.705744  0.610607  0.548376  0.533634
       65   1.85065   1.06096  0.681117  0.586798  0.544242   0.53491
       66   1.69702  0.976802   0.65762  0.571639  0.538979   0.53495
       67   1.91763   1.08558  0.663781  0.577278   0.53952  0.538633
       68   1.96773   1.10428  0.697501  0.586079  0.549341  0.543648
       69   2.06009   1.17808  0.722381  0.606943  0.561056  0.547948
       70   2.00139   1.13449  0.757853    0.6396  0.569065  0.553511
       71   2.09298   1.21941   0.77611  0.641053  0.567842  0.553103
       72    2.0358    1.2088  0.747725   0.62762  0.562779  0.550006
       73   1.88409   1.12275  0.718348  0.606782  0.554203     0.547
       74   1.90745   1.02701  0.659825   0.58258    0.5492   0.54389
       75   1.96857   1.04323  0.660878  0.577038  0.551168  0.545382
       76   2.01415   1.11775  0.705155  0.609943  0.557632  0.548774
       77   1.91358   1.07329  0.714719  0.621915   0.55971  0.549565
       78   1.89984   1.12078  0.733836  0.619224  0.560487  0.550237
       79   1.87048   1.05213  0.701958  0.611987  0.559311  0.551915
       80   2.07572    1.1527    0.7026  0.603577  0.556409  0.551707
       81   2.03562   1.11884  0.687594  0.593258  0.559715   0.55293
       82   1.93304   1.04136  0.676916  0.606834  0.565112  0.557965
       83   1.89838   1.08237  0.720425  0.631953  0.575456  0.559983
       84   2.01429   1.11944  0.761185  0.656666  0.581291  0.559663
       85   1.94315   1.15739  0.767935  0.655501  0.579993  0.556726
       86   2.14073   1.18478  0.765381  0.640007   0.57337   0.55233
       87   1.94966   1.12126  0.726738  0.618589  0.560338  0.540615
       88   1.93149   1.10129  0.678751  0.596127  0.543939  0.527097
       89   1.87433   1.00585  0.642441  0.567637  0.528204   0.51278
       90   2.04298   1.11815  0.682016  0.583843  0.523159  0.499048
       91   2.01813   1.08776  0.687768   0.60388  0.520806  0.485199
       92   1.97276   1.10137  0.711269  0.610996  0.512616  0.470066
       93   1.83937   1.06389  0.695579  0.608136  0.500323  0.446072
       94   1.72813   0.98232  0.691681  0.601359  0.479735  0.418275
       95   1.88736   1.11104  0.742802  0.594677  0.450174  0.381208
       96    1.6677  0.944913  0.676972  0.569086  0.407645  0.335233
       97   1.88979   1.10388   0.69882  0.542657  0.358527  0.280643
       98   1.96288   1.05984  0.638361  0.485923  0.301412  0.225726
       99   1.83628   1.09969  0.651215  0.450375  0.254452  0.183515
      100   1.93673    1.1776  0.695883    0.4393  0.226809  0.154617
