         1   0.790335   0.223666   0.514582   0.409086
         2    1.66146    0.49648   0.284093   0.320341
         3    2.57122   0.112577   0.285819   0.268952
         4    1.12388   0.216375   0.161412   0.150682
         5    1.20276   0.282174   0.221625   0.166725
         6    1.37425   0.429917   0.149766   0.226514
         7    1.36408   0.509843   0.201056   0.298177
         8    0.58879     0.3447 0.00621219   0.159153
         9   0.323215   0.272993   0.100114   0.152964
        10   0.443688   0.519361   0.219116   0.295515
        11    1.02081   0.495694   0.268267   0.282812
        12   0.981632   0.428844   0.301296   0.310943
        13   0.722373   0.660001   0.344372   0.388362
        14    1.32629   0.515933   0.443846   0.455045
        15   0.910416    0.57365     0.3273   0.406713
        16    1.72261   0.481569   0.201802   0.314156
        17    1.03258   0.305317   0.366211   0.347248
        18   0.453537    0.41283   0.219569   0.303339
        19    1.59048   0.408152  0.0346136    0.17038
        20    1.19179   0.117371  0.0637513  0.0907891
        21    1.34945   0.297552   0.163958  0.0548072
        22   0.135241  0.0916449  0.0769084  0.0662279
        23    1.56414   0.390828   0.188151    0.26117
        24   0.736168   0.290716   0.189164   0.248285
        25    1.02078  0.0775297   0.187311   0.119732
        26   0.630278   0.285409   0.176517   0.144942
        27    1.50162   0.207734  0.0630623  0.0428674
        28   0.804782   0.392483    0.21214   0.199089
        29    1.76523    0.41197   0.293239   0.336801
        30    2.22472   0.385091   0.267585   0.259266
        31   0.497315    0.27498   0.196058   0.127041
        32   0.966874   0.386668   0.219882  0.0834697
        33   0.373052   0.365506   0.304951   0.320863
        34    1.68872   0.721343   0.337441   0.406394
        35    1.00832   0.682303   0.195785   0.374828
        36   0.708886   0.385169   0.237447   0.292462
        37    1.42661   0.433382   0.227988   0.125125
        38   0.953299   0.282074   0.104075  0.0314052
        39   0.828224  0.0665549   0.117316   0.101594
        40   0.285145   0.273476  0.0933755   0.155032
        41   0.633071   0.178765   0.129092   0.164484
        42   0.396423    0.24005  0.0736787  0.0798454
        43   0.870583   0.105815  0.0127398  0.0283056
        44   0.537468   0.185012   0.228122  0.0614826
        45    1.17501  0.0630301   0.124964  0.0798597
        46   0.380093  0.0643491  0.0802813    0.11347
        47    1.87111   0.336795   0.151972   0.227649
        48    1.16137   0.718663    3.34219    1.92197
        49    1.36198    5.31869    6.85402    5.97008
        50    17.8094    11.4127    10.3284    11.0284
        51    17.6854    17.5089    13.7092    15.0906
        52    17.4478    17.3448    17.1288    17.2144
        53    16.3413    17.0763    16.8917    16.9226
        54    17.4896    16.5952    16.5249    16.5785
        55    15.0462    16.5608    16.2126    16.2623
        56    16.8905    16.0012    15.8739     15.929
        57    14.8835    15.5585    15.4715    15.5131
        58    14.9255    15.0331    15.1005    15.0765
        59    15.1153    14.4915    14.5685    14.5267
        60    13.9557    13.8721    14.1236    14.0713
        61    12.3774    13.6377    13.8166    13.7115
        62    13.7995    13.3681    13.4057     13.421
        63    13.2346    13.4229    12.9985    13.1229
        64    14.4376     12.731    12.9409    12.8864
        65    12.5917    12.5134    12.6899    12.6067
        66    12.3115    12.1816    12.4538    12.4208
        67    11.6812     12.158    12.1444    12.1538
        68    11.0893    11.7499    11.7588    11.7373
        69    11.0083    11.1283    11.2668    11.1969
        70    11.3603    10.5689    10.8124    10.7171
        71    10.5935      10.18    10.3262    10.3408
        72    11.5741    10.0544    9.88268    10.0032
        73    10.5818    9.65193    9.58895      9.649
        74    9.73248    9.33968     9.2086    9.27508
        75     9.5617    9.10299     8.8615    8.91465
        76    9.08941    8.67044    8.52732    8.57263
        77    7.62286    8.20497    8.34904    8.29641
        78    7.27381     7.7739    8.04777    8.01307
        79    7.00627    7.81983    7.71132    7.69285
        80    8.29391    7.47147    7.22355    7.28764
        81    6.25717    6.81648    6.81833    6.79091
        82    6.98314    6.03067    6.43283    6.34928
        83    5.50859    5.94527    5.98964    5.95246
        84    6.42589    5.59593    5.53695    5.60906
        85    4.49971    5.40701    5.31418    5.28948
        86     4.4101     4.8771    5.01709    4.98576
        87    6.04552    4.85276    4.53068     4.6397
        88    4.75405     4.4229    4.20228    4.30828
        89    4.40387    3.87582     3.9381    3.92071
        90    3.91602    3.37311     3.5804    3.51699
        91    3.76286      3.098    3.22947    3.19328
        92    2.26193    2.93989    2.81751    2.84984
        93    2.79104    2.39893    2.50991    2.51119
        94     1.8976    2.29638    2.07255    2.10037
        95    3.02902    1.78166     1.5955    1.67301
        96    1.98921    1.36431    1.10789    1.21415
        97     1.8626    0.69079   0.765358   0.787197
        98    1.35953   0.419047   0.407477   0.395672
        99   0.399178   0.390753   0.297269   0.259745
       100    1.35309   0.220301   0.174084   0.232016
