        1  0.941808  0.459356  0.590503  0.409086
        2   0.79357  0.459356  0.605844  0.320341
        3  0.447734  0.459356  0.590503  0.268952
        4  0.447734  0.459356  0.590503  0.150682
        5  0.972214  0.472182  0.605844  0.166725
        6  0.329632  0.285031  0.605844  0.226514
        7  0.281227  0.245697  0.605844  0.298177
        8   1.02437  0.245697  0.416856  0.159153
        9  0.627642  0.562982  0.416856  0.152964
       10  0.627642  0.562982  0.416856  0.295515
       11  0.600555  0.562982  0.244992  0.282812
       12  0.423748  0.423748  0.272379  0.310943
       13  0.184958  0.423748  0.272379  0.388362
       14  0.423748  0.423748   0.11002  0.455045
       15  0.890851  0.423748   0.11002  0.406713
       16  0.330954  0.423748  0.272379  0.314156
       17   1.03629   0.11002  0.272379  0.347248
       18  0.754867   0.11002  0.272379  0.303339
       19   1.03629   0.11002  0.293894   0.17038
       20  0.754867   0.11002   0.11002 0.0907891
       21  0.801784  0.293894  0.293894 0.0548072
       22  0.822905  0.293894  0.293894 0.0662279
       23  0.915673  0.293894  0.293894   0.26117
       24  0.915673  0.293894  0.293894  0.248285
       25   0.37874  0.293894  0.293894  0.119732
       26   0.37874  0.293894 0.0956358  0.144942
       27   0.37874  0.424489 0.0956358 0.0428674
       28  0.453531  0.424489 0.0956358  0.199089
       29  0.515847  0.424489  0.247041  0.336801
       30  0.638299  0.424489  0.247041  0.259266
       31  0.587591  0.455135  0.247041  0.127041
       32  0.587591  0.247041  0.247041 0.0834697
       33  0.587591  0.247041  0.247041  0.320863
       34  0.557686  0.247041  0.247041  0.406394
       35  0.313519  0.247041  0.247041  0.374828
       36     1.012  0.247041  0.227965  0.292462
       37  0.462059  0.247041  0.247041  0.125125
       38  0.462059  0.227965  0.247041 0.0314052
       39  0.922781  0.227965  0.247041  0.101594
       40  0.802687  0.393599  0.227965  0.155032
       41  0.802687  0.393599  0.227965  0.164484
       42  0.805527  0.393599  0.227965 0.0798454
       43   1.05716  0.393599  0.227965 0.0283056
       44   1.17836  0.393599  0.227965 0.0614826
       45  0.572565  0.392324  0.393599 0.0798597
       46  0.572565  0.392324  0.457361   0.11347
       47   1.14313  0.381854  0.457361  0.227649
       48  0.392324  0.381854  0.805527   1.92197
       49   1.40425  0.717598   1.15033   5.97008
       50   17.5868   15.4945   15.4945   11.0284
       51   17.5868    16.511   15.5897   15.0906
       52   16.1982    16.511   16.3434   17.2144
       53    16.511   16.8189   16.3434   16.9226
       54   16.0178    16.511   16.3434   16.5785
       55    16.562   16.3434   16.3434   16.2623
       56   16.3434   16.3434   16.3434    15.929
       57   16.3434   15.3329   15.3329   15.5131
       58   15.2584   15.3329   15.3329   15.0765
       59   15.2289   14.8569   14.8569   14.5267
       60   14.4018   14.4018   14.4018   14.0713
       61    13.089   14.2763   14.3389   13.7115
       62    13.089    13.089   13.5743    13.421
       63   13.7577    13.089   13.2046   13.1229
       64   12.1528   12.5818    12.894   12.8864
       65   12.1528    11.873   12.4694   12.6067
       66    11.873   12.1118   12.1292   12.4208
       67   11.6329    11.873    11.873   12.1538
       68   11.6839   11.4362   11.4333   11.7373
       69   11.6839   11.1923   11.1923   11.1969
       70    11.317    10.841   10.5472   10.7171
       71   10.8899   10.3697   10.5472   10.3408
       72    10.841   9.78175   9.78175   10.0032
       73   9.92152   9.78175   9.68111     9.649
       74   9.29713   9.78175    9.3178   9.27508
       75   9.48383   9.48383    9.3178   8.91465
       76   8.88609   8.43266   8.43266   8.57263
       77   8.88609   8.43266   8.43266   8.29641
       78   7.98267   7.62809     7.362   8.01307
       79   8.48746   7.03207     7.362   7.69285
       80   7.12533   7.03207   7.01767   7.28764
       81   6.67921   6.92337   7.01767   6.79091
       82   6.67921   6.67921   6.65899   6.34928
       83   5.37655   5.87038   6.48938   5.95246
       84   5.32197   5.32197   5.87038   5.60906
       85   5.32197   5.32197   5.32197   5.28948
       86   4.43309   5.01183   5.01183   4.98576
       87   4.43309   4.43309   4.43309    4.6397
       88   4.52079   4.43309   4.43309   4.30828
       89   3.61483   4.21435   4.21435   3.92071
       90   3.37768   3.82438   3.46588   3.51699
       91   3.37768   3.46588   3.26907   3.19328
       92   2.64086   2.64086   2.64086   2.84984
       93   2.64086   2.64086   2.64086   2.51119
       94   2.64086   2.02397   2.02397   2.10037
       95   1.39089   2.02397   2.02397   1.67301
       96   1.86681   1.39089   1.39089   1.21415
       97   1.33434  0.700269   1.39089  0.787197
       98   1.38719  0.700269   1.39089  0.395672
       99   1.38719  0.816603   1.00639  0.259745
      100  0.375022  0.375022  0.757335  0.232016
