        1  0.394913  0.739807  0.154137  0.409086
        2 0.0897844  0.435551  0.161403  0.320341
        3  0.297095  0.515675  0.222635  0.268952
        4  0.467239  0.692063  0.295409  0.150682
        5  0.450112  0.734805  0.298924  0.166725
        6  0.140391 0.0256256  0.250179  0.226514
        7  0.211494   0.16783  0.236835  0.298177
        8  0.479827  0.719176   0.25574  0.159153
        9  0.499794  0.806764  0.251198  0.152964
       10  0.386299  0.427334  0.239318  0.295515
       11  0.582256  0.954753  0.295281  0.282812
       12  0.612693  0.821096  0.361236  0.310943
       13  0.565238  0.751596  0.382544  0.388362
       14  0.457689  0.595001  0.363418  0.455045
       15  0.452234  0.656869  0.338382  0.406713
       16  0.415294  0.600331  0.310118  0.314156
       17   0.40137  0.569181  0.285297  0.347248
       18  0.563838  0.937182  0.256852  0.303339
       19  0.408852  0.641851  0.162221   0.17038
       20  0.164834  0.292316  0.093041 0.0907891
       21   0.17887 0.0419069  0.160631 0.0548072
       22  0.299912  0.395463  0.240981 0.0662279
       23   0.33595   0.59845  0.288138   0.26117
       24  0.417839  0.695969  0.327706  0.248285
       25  0.444534  0.586194  0.356142  0.119732
       26  0.487062  0.505289  0.365947  0.144942
       27  0.626574   1.15954  0.344733 0.0428674
       28  0.243164  0.202703  0.221786  0.199089
       29 0.0256311  0.356248  0.113124  0.336801
       30  0.088045  0.340398 0.0584117  0.259266
       31  0.208007  0.406744 0.0672933  0.127041
       32  0.356091  0.543798  0.113293 0.0834697
       33  0.373352  0.553869  0.120431  0.320863
       34  0.304229   0.68435 0.0822653  0.406394
       35  0.281049  0.906329 0.0651288  0.374828
       36 0.0398382  0.191588 0.0378334  0.292462
       37 0.0838495  0.341734 0.0373513  0.125125
       38   0.21744  0.384613 0.0534568 0.0314052
       39  0.356579  0.515228 0.0948481  0.101594
       40  0.231429  0.370012  0.123585  0.155032
       41  0.208287  0.388115  0.233863  0.164484
       42  0.617515  0.760303  0.405383 0.0798454
       43  0.905896   1.24231  0.546433 0.0283056
       44  0.756565  0.885771   0.60399 0.0614826
       45  0.617321  0.537734  0.501789 0.0798597
       46  0.907298  0.978476  0.191617   0.11347
       47  0.819517   1.06092   1.29156  0.227649
       48  0.693307  0.645552    3.4584   1.92197
       49     4.807   3.97754   6.51268   5.97008
       50   10.4982   11.7405   9.96097   11.0284
       51   15.0062    16.081   13.0608   15.0906
       52   16.7804   16.6834   15.2294   17.2144
       53   16.9342   16.2814   16.3977   16.9226
       54   16.6991   16.4024   16.8128   16.5785
       55   16.4133   16.4328   16.7405   16.2623
       56   16.0156   15.9013   16.3926    15.929
       57   15.5843   15.2414   15.9329   15.5131
       58   15.2461   14.9535   15.4578   15.0765
       59   14.9929    14.879   14.9949   14.5267
       60   14.7074   15.1285   14.5255   14.0713
       61   13.8487   13.5752   13.9827   13.7115
       62   13.2945   13.1579   13.5025    13.421
       63   13.0191   12.9879   13.1064   13.1229
       64   12.8466    13.045   12.7684   12.8864
       65    12.432   12.2878   12.4299   12.6067
       66   12.2665   12.4072   12.1432   12.4208
       67   12.0413   12.2229   11.8526   12.1538
       68   11.7131   11.7952   11.5383   11.7373
       69   11.3854   11.7049   11.2065   11.1969
       70   10.9118   11.0493   10.8458   10.7171
       71   10.5619   10.6743   10.5014   10.3408
       72   10.2308    10.177   10.1591   10.0032
       73    9.9303   9.99744   9.81127     9.649
       74   9.44361   9.39702   9.43298   9.27508
       75    9.1153   9.21698   9.08037   8.91465
       76   8.94345   9.31138   8.75768   8.57263
       77   8.52941   8.61903   8.40256   8.29641
       78    8.1199   8.10485    8.0397   8.01307
       79     7.865   8.13728   7.68422   7.69285
       80   7.46148   7.66144   7.29052   7.28764
       81   6.94542   7.14683   6.86015   6.79091
       82   6.29059   5.99155   6.40268   6.34928
       83    5.9419   5.99548   5.98819   5.95246
       84   5.34733   5.05779     5.556   5.60906
       85   4.90897   4.61596   5.17154   5.28948
       86   4.67277   4.49927   4.85211   4.98576
       87   4.53439   4.44022   4.57568    4.6397
       88   4.40577   4.48324    4.3075   4.30828
       89   4.11823   4.11039   4.00217   3.92071
       90   3.73809   3.60567   3.65473   3.51699
       91   3.47548   3.81707   3.29088   3.19328
       92   3.06525   3.49684   2.88794   2.84984
       93   2.53938   2.76067   2.46392   2.51119
       94    1.9869   1.81519   2.04821   2.10037
       95    1.6676   1.52519   1.68924   1.67301
       96   1.60761   1.91515   1.38921   1.21415
       97   1.47219   1.80218   1.11654  0.787197
       98   1.14076   1.45478  0.841103  0.395672
       99   0.65787  0.689547  0.583054  0.259745
      100  0.407108   0.57651   0.43393  0.232016
