polar angle azimuth angle         value
          0             0   2.71638e-05
          5             0   6.01779e-05
          5            60   1.71148e-05
          5           120   1.64683e-05
          5           180   3.46827e-05
          5          -120   1.74226e-05
          5           -60   1.70782e-05
         10       13.8462  -1.19289e-05
         10       41.5385   6.34588e-05
         10       69.2308  -1.31538e-05
         10       96.9231     0.0042949
         10       124.615     0.0193111
         10       152.308     0.0210449
         10           180     0.0209699
         10      -152.308     0.0210434
         10      -124.615     0.0193096
         10      -96.9231    0.00429539
         10      -69.2308  -1.36247e-05
         10      -41.5385     6.307e-05
         10      -13.8462  -1.24349e-05
         15             0  -0.000116743
         15       18.9474  -3.60174e-05
         15       37.8947   0.000127613
         15       56.8421  -2.73756e-05
         15       75.7895   0.000484987
         15       94.7368      0.037957
         15       113.684     0.0954816
         15       132.632      0.144724
         15       151.579      0.161019
         15       170.526       0.15608
         15      -170.526      0.156083
         15      -151.579      0.161018
         15      -132.632      0.144723
         15      -113.684     0.0954819
         15      -94.7368     0.0379559
         15      -75.7895   0.000488703
         15      -56.8421  -2.68297e-05
         15      -37.8947   0.000125718
         15      -18.9474  -3.58979e-05
         20           7.2  -2.64799e-05
         20          21.6   -0.00487257
         20            36    -0.0229602
         20          50.4  -0.000782791
         20          64.8   6.31896e-05
         20          79.2    0.00942673
         20          93.6     0.0733053
         20           108      0.154588
         20         122.4      0.249541
         20         136.8      0.302724
         20         151.2      0.327007
         20         165.6      0.314366
         20           180      0.327013
         20        -165.6      0.314366
         20        -151.2      0.327007
         20        -136.8      0.302724
         20        -122.4      0.249541
         20          -108      0.154587
         20         -93.6      0.073305
         20         -79.2    0.00942705
         20         -64.8   6.40737e-05
         20         -50.4  -0.000772712
         20           -36    -0.0229619
         20         -21.6   -0.00486685
         20          -7.2    -2.373e-05
         25             0   0.000229688
         25            12    -0.0233244
         25            24     -0.161587
         25            36     -0.220088
         25            48     -0.123979
         25            60   -0.00341573
         25            72  -9.11601e-05
         25            84     0.0280938
         25            96      0.109654
         25           108      0.200181
         25           120      0.309356
         25           132      0.380776
         25           144      0.417623
         25           156      0.422564
         25           168      0.408269
         25           180      0.425906
         25          -168      0.408268
         25          -156      0.422564
         25          -144      0.417624
         25          -132      0.380773
         25          -120      0.309357
         25          -108      0.200181
         25           -96      0.109654
         25           -84     0.0280936
         25           -72   -9.2895e-05
         25           -60   -0.00342916
         25           -48     -0.123979
         25           -36     -0.220088
         25           -24     -0.161589
         25           -12    -0.0233214
         30             5   -0.00051218
         30            15     -0.139057
         30            25     -0.346687
         30            35     -0.429352
         30            45     -0.324944
         30            55     -0.112606
         30            65   0.000322727
         30            75   8.42572e-05
         30            85       0.01975
         30            95     0.0910154
         30           105      0.173756
         30           115      0.259981
         30           125      0.349177
         30           135      0.394218
         30           145       0.40998
         30           155      0.412952
         30           165       0.39895
         30           175      0.411582
         30          -175      0.411582
         30          -165      0.398947
         30          -155      0.412953
         30          -145       0.40998
         30          -135       0.39422
         30          -125      0.349177
         30          -115      0.259981
         30          -105      0.173755
         30           -95     0.0910158
         30           -85     0.0197501
         30           -75   8.36135e-05
         30           -65   0.000325718
         30           -55     -0.112607
         30           -45     -0.324944
         30           -35     -0.429352
         30           -25     -0.346687
         30           -15     -0.139058
         30            -5  -0.000501863
         35             0   0.000226706
         35       8.78049      -0.02059
         35        17.561     -0.212736
         35       26.3415      -0.42232
         35        35.122       -0.4978
         35       43.9024     -0.393307
         35       52.6829     -0.173419
         35       61.4634   -0.00614627
         35       70.2439   -6.6356e-05
         35       79.0244   8.94067e-05
         35       87.8049     0.0105827
         35       96.5854     0.0652948
         35       105.366      0.134592
         35       114.146      0.191742
         35       122.927      0.256174
         35       131.707      0.303429
         35       140.488      0.308554
         35       149.268      0.301271
         35       158.049      0.303346
         35       166.829      0.311766
         35        175.61      0.301989
         35       -175.61      0.301989
         35      -166.829      0.311764
         35      -158.049      0.303347
         35      -149.268       0.30127
         35      -140.488      0.308553
         35      -131.707      0.303429
         35      -122.927      0.256174
         35      -114.146      0.191742
         35      -105.366      0.134592
         35      -96.5854      0.065295
         35      -87.8049     0.0105824
         35      -79.0244   8.95041e-05
         35      -70.2439  -6.57182e-05
         35      -61.4634   -0.00615125
         35      -52.6829      -0.17342
         35      -43.9024     -0.393308
         35       -35.122     -0.497799
         35      -26.3415      -0.42232
         35       -17.561     -0.212736
         35      -8.78049    -0.0205928
         40       3.91304   6.87034e-05
         40       11.7391    -0.0160908
         40       19.5652     -0.167229
         40       27.3913     -0.329956
         40       35.2174       -0.3861
         40       43.0435     -0.301233
         40       50.8696     -0.128212
         40       58.6957   -0.00307167
         40       66.5217  -5.09289e-06
         40       74.3478   5.67547e-05
         40       82.1739  -6.09151e-05
         40            90   0.000244042
         40       97.8261     0.0243153
         40       105.652     0.0694141
         40       113.478      0.110089
         40       121.304      0.133399
         40        129.13      0.158694
         40       136.957      0.170332
         40       144.783      0.159055
         40       152.609      0.146743
         40       160.435      0.165079
         40       168.261      0.168962
         40       176.087      0.151472
         40      -176.087       0.15147
         40      -168.261      0.168962
         40      -160.435      0.165078
         40      -152.609      0.146743
         40      -144.783      0.159055
         40      -136.957      0.170332
         40       -129.13      0.158694
         40      -121.304        0.1334
         40      -113.478      0.110088
         40      -105.652     0.0694139
         40      -97.8261      0.024316
         40           -90   0.000245358
         40      -82.1739  -6.06028e-05
         40      -74.3478   5.73603e-05
         40      -66.5217  -6.03718e-06
         40      -58.6957   -0.00305931
         40      -50.8696     -0.128212
         40      -43.0435     -0.301234
         40      -35.2174     -0.386099
         40      -27.3913     -0.329955
         40      -19.5652     -0.167229
         40      -11.7391    -0.0160932
         40      -3.91304   6.80382e-05
         45             0   0.000312514
         45       7.05882   1.89231e-06
         45       14.1176   0.000342373
         45       21.1765    -0.0474877
         45       28.2353     -0.132245
         45       35.2941     -0.162685
         45       42.3529     -0.112731
         45       49.4118    -0.0263375
         45       56.4706  -0.000111991
         45       63.5294  -3.30366e-08
         45       70.5882   5.08334e-05
         45       77.6471  -3.47162e-05
         45       84.7059   1.08053e-05
         45       91.7647  -2.81798e-05
         45       98.8235   8.46215e-05
         45       105.882     0.0115668
         45       112.941     0.0309199
         45           120      0.043402
         45       127.059     0.0416427
         45       134.118     0.0370948
         45       141.176     0.0372825
         45       148.235     0.0429214
         45       155.294     0.0420667
         45       162.353     0.0371603
         45       169.412     0.0372341
         45       176.471     0.0425072
         45      -176.471     0.0425058
         45      -169.412     0.0372336
         45      -162.353     0.0371608
         45      -155.294     0.0420661
         45      -148.235     0.0429206
         45      -141.176     0.0372833
         45      -134.118     0.0370952
         45      -127.059     0.0416427
         45          -120     0.0434019
         45      -112.941     0.0309198
         45      -105.882      0.011566
         45      -98.8235   8.28252e-05
         45      -91.7647  -2.85737e-05
         45      -84.7059   1.08787e-05
         45      -77.6471  -3.47503e-05
         45      -70.5882   5.05048e-05
         45      -63.5294  -1.34765e-06
         45      -56.4706  -0.000115154
         45      -49.4118    -0.0263378
         45      -42.3529     -0.112731
         45      -35.2941     -0.162685
         45      -28.2353     -0.132246
         45      -21.1765    -0.0474902
         45      -14.1176   0.000347702
         45      -7.05882   1.87822e-06
         50       3.27273     0.0232823
         50       9.81818     0.0167372
         50       16.3636    0.00690819
         50       22.9091    0.00017246
         50       29.4545    -0.0010332
         50            36   -0.00289014
         50       42.5455   0.000325357
         50       49.0909  -8.05614e-05
         50       55.6364  -4.70059e-05
         50       62.1818    1.2122e-06
         50       68.7273   2.98416e-05
         50       75.2727  -6.99643e-06
         50       81.8182  -2.59806e-05
         50       88.3636    1.0788e-05
         50       94.9091   3.42169e-06
         50       101.455  -2.51701e-05
         50           108   5.03461e-05
         50       114.545    -8.365e-05
         50       121.091   0.000154459
         50       127.636   2.84284e-05
         50       134.182  -1.65625e-05
         50       140.727   -6.7976e-05
         50       147.273   7.72384e-05
         50       153.818    0.00013923
         50       160.364  -0.000127899
         50       166.909   6.44628e-05
         50       173.455  -6.94378e-05
         50           180   0.000167259
         50      -173.455  -6.70777e-05
         50      -166.909   6.49908e-05
         50      -160.364  -0.000127742
         50      -153.818   0.000140393
         50      -147.273   7.85326e-05
         50      -140.727  -6.69811e-05
         50      -134.182  -1.66651e-05
         50      -127.636   2.39464e-05
         50      -121.091   0.000154831
         50      -114.545  -8.35567e-05
         50          -108   5.06619e-05
         50      -101.455   -2.4891e-05
         50      -94.9091   3.42051e-06
         50      -88.3636   1.06678e-05
         50      -81.8182  -2.58576e-05
         50      -75.2727  -7.21594e-06
         50      -68.7273   3.00238e-05
         50      -62.1818   1.27398e-06
         50      -55.6364  -4.75266e-05
         50      -49.0909  -8.18698e-05
         50      -42.5455   0.000312866
         50           -36   -0.00288906
         50      -29.4545   -0.00102426
         50      -22.9091   0.000174469
         50      -16.3636    0.00690632
         50      -9.81818     0.0167366
         50      -3.27273     0.0232825
         55             0     0.0788507
         55       6.10169      0.072824
         55       12.2034     0.0562472
         55       18.3051     0.0334904
         55       24.4068     0.0117919
         55       30.5085   0.000133524
         55       36.6102  -0.000107973
         55       42.7119   1.61511e-05
         55       48.8136  -1.81855e-05
         55       54.9153   4.59955e-05
         55       61.0169   3.45559e-05
         55       67.1186   2.19332e-05
         55       73.2203   6.60912e-06
         55        79.322  -1.10703e-05
         55       85.4237  -1.77143e-05
         55       91.5254   3.15583e-07
         55       97.6271   2.16581e-05
         55       103.729   1.73616e-05
         55       109.831  -2.35508e-05
         55       115.932  -2.79619e-07
         55       122.034   8.66591e-06
         55       128.136  -5.43408e-06
         55       134.237   4.35771e-06
         55       140.339   1.52089e-06
         55       146.441   4.80302e-06
         55       152.542   2.70821e-05
         55       158.644    1.3463e-06
         55       164.746  -8.28333e-06
         55       170.847  -1.02518e-05
         55       176.949   1.63449e-05
         55      -176.949   1.63443e-05
         55      -170.847  -1.02933e-05
         55      -164.746   -7.9075e-06
         55      -158.644   1.44809e-06
         55      -152.542   2.68968e-05
         55      -146.441   4.74356e-06
         55      -140.339   1.53061e-06
         55      -134.237   4.54897e-06
         55      -128.136  -4.76266e-06
         55      -122.034   8.87973e-06
         55      -115.932  -2.77511e-07
         55      -109.831  -2.34032e-05
         55      -103.729   1.70147e-05
         55      -97.6271   2.16014e-05
         55      -91.5254    5.7736e-07
         55      -85.4237  -1.76938e-05
         55       -79.322  -1.11501e-05
         55      -73.2203   7.02144e-06
         55      -67.1186   2.21257e-05
         55      -61.0169   3.47831e-05
         55      -54.9153   4.65778e-05
         55      -48.8136  -1.77936e-05
         55      -42.7119   1.65529e-05
         55      -36.6102  -0.000108417
         55      -30.5085    0.00013273
         55      -24.4068     0.0117916
         55      -18.3051     0.0334907
         55      -12.2034     0.0562465
         55      -6.10169     0.0728241
         60       2.90323      0.151081
         60       8.70968      0.135238
         60       14.5161      0.106342
         60       20.3226     0.0698515
         60        26.129     0.0333427
         60       31.9355    0.00678983
         60       37.7419  -5.97769e-06
         60       43.5484  -3.99112e-05
         60       49.3548   2.62455e-05
         60       55.1613  -1.58057e-05
         60       60.9677  -3.06437e-05
         60       66.7742  -2.12027e-05
         60       72.5806  -1.20361e-05
         60       78.3871  -1.44617e-05
         60       84.1935  -1.35347e-05
         60            90  -5.52332e-06
         60       95.8065   2.14855e-07
         60       101.613   2.14382e-05
         60       107.419   -9.3637e-06
         60       113.226  -8.29764e-06
         60       119.032   4.39555e-06
         60       124.839   5.49657e-07
         60       130.645   1.22603e-05
         60       136.452  -8.61198e-06
         60       142.258   2.29627e-05
         60       148.065   1.04489e-05
         60       153.871   8.39508e-06
         60       159.677   9.57827e-06
         60       165.484    -2.645e-05
         60        171.29   1.63848e-05
         60       177.097  -3.81709e-07
         60      -177.097  -5.01827e-07
         60       -171.29   1.64505e-05
         60      -165.484  -2.66991e-05
         60      -159.677   9.73235e-06
         60      -153.871   8.33688e-06
         60      -148.065   1.03553e-05
         60      -142.258   2.28522e-05
         60      -136.452  -8.81199e-06
         60      -130.645   1.25176e-05
         60      -124.839   7.05126e-07
         60      -119.032   4.63783e-06
         60      -113.226  -8.30543e-06
         60      -107.419  -9.59492e-06
         60      -101.613   2.14092e-05
         60      -95.8065   3.39211e-07
         60           -90   -5.5243e-06
         60      -84.1935  -1.34604e-05
         60      -78.3871  -1.44254e-05
         60      -72.5806  -1.19237e-05
         60      -66.7742  -2.13516e-05
         60      -60.9677  -3.05707e-05
         60      -55.1613  -1.58986e-05
         60      -49.3548   2.64037e-05
         60      -43.5484  -3.98772e-05
         60      -37.7419  -4.94071e-06
         60      -31.9355     0.0067896
         60       -26.129     0.0333432
         60      -20.3226      0.069852
         60      -14.5161      0.106342
         60      -8.70968      0.135238
         60      -2.90323      0.151081
         65             0      0.236454
         65       5.53846      0.226845
         65       11.0769       0.19933
         65       16.6154       0.15769
         65       22.1538      0.107923
         65       27.6923      0.058361
         65       33.2308     0.0187635
         65       38.7692     0.0002963
         65       44.3077  -6.97553e-06
         65       49.8462   1.63236e-05
         65       55.3846  -1.11616e-05
         65       60.9231   2.29064e-05
         65       66.4615   1.96384e-05
         65            72   9.43784e-06
         65       77.5385    7.0733e-06
         65       83.0769   1.19325e-05
         65       88.6154   1.68006e-05
         65       94.1538   2.39467e-06
         65       99.6923   2.83983e-06
         65       105.231  -4.54039e-06
         65       110.769    3.5641e-06
         65       116.308  -1.03069e-05
         65       121.846  -1.07465e-05
         65       127.385    2.3803e-06
         65       132.923   -4.5563e-06
         65       138.462   5.17871e-07
         65           144  -1.81643e-06
         65       149.538  -4.72239e-06
         65       155.077   3.00135e-06
         65       160.615  -8.13419e-06
         65       166.154   7.58162e-06
         65       171.692   1.91692e-06
         65       177.231   5.39868e-06
         65      -177.231   5.25919e-06
         65      -171.692    2.0471e-06
         65      -166.154   7.43903e-06
         65      -160.615  -8.28505e-06
         65      -155.077   2.99184e-06
         65      -149.538   -4.8337e-06
         65          -144  -1.80515e-06
         65      -138.462   3.57178e-07
         65      -132.923  -4.66182e-06
         65      -127.385   2.33743e-06
         65      -121.846  -1.07341e-05
         65      -116.308  -1.01415e-05
         65      -110.769   3.30823e-06
         65      -105.231  -4.62848e-06
         65      -99.6923   2.90712e-06
         65      -94.1538    2.4054e-06
         65      -88.6154   1.67447e-05
         65      -83.0769   1.16256e-05
         65      -77.5385   6.98233e-06
         65           -72   9.64364e-06
         65      -66.4615   1.96127e-05
         65      -60.9231   2.32414e-05
         65      -55.3846  -1.12634e-05
         65      -49.8462    1.6677e-05
         65      -44.3077  -6.75973e-06
         65      -38.7692    0.00029563
         65      -33.2308     0.0187636
         65      -27.6923     0.0583612
         65      -22.1538      0.107923
         65      -16.6154      0.157691
         65      -11.0769       0.19933
         65      -5.53846      0.226845
         70       2.64706      0.316502
         70       7.94118      0.295635
         70       13.2353      0.256187
         70       18.5294      0.202623
         70       23.8235      0.141568
         70       29.1176     0.0812817
         70       34.4118     0.0314705
         70       39.7059    0.00292245
         70            45  -1.71781e-05
         70       50.2941  -2.14018e-05
         70       55.5882   1.22452e-05
         70       60.8824  -6.89743e-06
         70       66.1765  -1.82975e-05
         70       71.4706  -8.18453e-06
         70       76.7647   9.52119e-07
         70       82.0588   3.50171e-06
         70       87.3529   7.56524e-06
         70       92.6471   7.22365e-06
         70       97.9412   7.60847e-06
         70       103.235  -5.22865e-06
         70       108.529  -2.52979e-06
         70       113.824  -6.71319e-06
         70       119.118   -1.7759e-05
         70       124.412  -6.22348e-06
         70       129.706    -8.597e-06
         70           135  -1.68028e-06
         70       140.294  -7.06369e-06
         70       145.588  -1.42159e-05
         70       150.882  -7.84632e-06
         70       156.176  -1.35846e-05
         70       161.471   3.89763e-06
         70       166.765   1.60209e-05
         70       172.059  -8.46931e-06
         70       177.353  -6.82635e-06
         70      -177.353  -6.77505e-06
         70      -172.059  -8.50342e-06
         70      -166.765   1.60425e-05
         70      -161.471   3.76708e-06
         70      -156.176   -1.3504e-05
         70      -150.882  -7.96813e-06
         70      -145.588  -1.39515e-05
         70      -140.294  -6.91776e-06
         70          -135   -1.8427e-06
         70      -129.706  -8.63676e-06
         70      -124.412  -6.27774e-06
         70      -119.118  -1.77465e-05
         70      -113.824  -6.83922e-06
         70      -108.529  -2.54803e-06
         70      -103.235  -5.29093e-06
         70      -97.9412   7.57602e-06
         70      -92.6471    7.2475e-06
         70      -87.3529   7.43187e-06
         70      -82.0588   3.72407e-06
         70      -76.7647    8.7957e-07
         70      -71.4706  -8.40277e-06
         70      -66.1765  -1.85556e-05
         70      -60.8824  -7.21827e-06
         70      -55.5882   1.20969e-05
         70      -50.2941  -2.16366e-05
         70           -45  -1.75621e-05
         70      -39.7059    0.00292169
         70      -34.4118     0.0314704
         70      -29.1176     0.0812815
         70      -23.8235      0.141568
         70      -18.5294      0.202623
         70      -13.2353      0.256187
         70      -7.94118      0.295635
         70      -2.64706      0.316502
         75             0      0.392844
         75       5.14286      0.381464
         75       10.2857      0.348359
         75       15.4286      0.296745
         75       20.5714      0.231972
         75       25.7143      0.161083
         75       30.8571     0.0927406
         75            36     0.0368521
         75       41.1429    0.00418054
         75       46.2857   1.19372e-05
         75       51.4286   1.27596e-06
         75       56.5714   1.97583e-05
         75       61.7143  -1.15329e-05
         75       66.8571   2.68489e-06
         75            72   1.36544e-05
         75       77.1429   8.47599e-06
         75       82.2857      1.14e-06
         75       87.4286  -7.03976e-06
         75       92.5714  -2.85571e-06
         75       97.7143  -1.30714e-05
         75       102.857   2.04309e-07
         75           108  -7.14136e-07
         75       113.143  -9.49951e-06
         75       118.286   5.22526e-07
         75       123.429  -5.72468e-06
         75       128.571  -2.10575e-06
         75       133.714   4.71305e-06
         75       138.857  -9.48609e-07
         75           144  -2.49946e-06
         75       149.143  -2.56457e-06
         75       154.286  -2.98277e-06
         75       159.429  -2.63607e-06
         75       164.571   -4.4994e-06
         75       169.714   6.82495e-06
         75       174.857  -5.53337e-06
         75           180  -6.82132e-07
         75      -174.857  -5.57079e-06
         75      -169.714   6.82052e-06
         75      -164.571    -4.446e-06
         75      -159.429  -2.51939e-06
         75      -154.286   -2.9248e-06
         75      -149.143  -2.44066e-06
         75          -144  -2.55821e-06
         75      -138.857  -9.40008e-07
         75      -133.714   4.92368e-06
         75      -128.571  -1.91298e-06
         75      -123.429  -5.55272e-06
         75      -118.286   4.93847e-07
         75      -113.143  -9.37604e-06
         75          -108  -8.03172e-07
         75      -102.857   2.72706e-07
         75      -97.7143  -1.29871e-05
         75      -92.5714   -2.9078e-06
         75      -87.4286  -6.96582e-06
         75      -82.2857   1.09454e-06
         75      -77.1429   8.53136e-06
         75           -72   1.36682e-05
         75      -66.8571   2.87092e-06
         75      -61.7143  -1.16362e-05
         75      -56.5714   1.97663e-05
         75      -51.4286   1.09262e-06
         75      -46.2857   1.20994e-05
         75      -41.1429    0.00418037
         75           -36     0.0368522
         75      -30.8571     0.0927405
         75      -25.7143      0.161083
         75      -20.5714      0.231972
         75      -15.4286      0.296745
         75      -10.2857      0.348359
         75      -5.14286      0.381464
         80       2.53521      0.447583
         80       7.60563       0.42365
         80       12.6761       0.37788
         80       17.7465      0.314561
         80       22.8169      0.239775
         80       27.8873      0.161381
         80       32.9577     0.0886496
         80       38.0282       0.03186
         80       43.0986    0.00200196
         80        48.169   1.15219e-05
         80       53.2394  -6.90258e-06
         80       58.3099   8.32444e-06
         80       63.3803  -2.81286e-06
         80       68.4507   1.36995e-05
         80       73.5211   6.94954e-06
         80       78.5915  -2.99458e-06
         80        83.662  -5.79174e-06
         80       88.7324  -3.33658e-06
         80       93.8028  -1.17144e-05
         80       98.8732  -3.36249e-06
         80       103.944   4.41777e-07
         80       109.014  -7.40214e-06
         80       114.085  -7.24164e-06
         80       119.155   1.30495e-06
         80       124.225  -4.39224e-06
         80       129.296  -3.56529e-06
         80       134.366  -3.30769e-06
         80       139.437  -4.20321e-07
         80       144.507   1.04179e-06
         80       149.577   4.77957e-07
         80       154.648   1.04707e-05
         80       159.718   3.88117e-06
         80       164.789  -4.33153e-06
         80       169.859   3.56507e-07
         80        174.93  -2.97877e-06
         80           180   7.87089e-06
         80       -174.93  -3.04273e-06
         80      -169.859   4.04064e-07
         80      -164.789  -4.16369e-06
         80      -159.718    3.9751e-06
         80      -154.648   1.04581e-05
         80      -149.577   6.14189e-07
         80      -144.507   9.48891e-07
         80      -139.437  -5.24649e-07
         80      -134.366  -3.09705e-06
         80      -129.296  -3.53378e-06
         80      -124.225   -4.3435e-06
         80      -119.155   1.27667e-06
         80      -114.085   -7.1898e-06
         80      -109.014   -7.3667e-06
         80      -103.944   3.27649e-07
         80      -98.8732  -3.27985e-06
         80      -93.8028  -1.15989e-05
         80      -88.7324  -3.21242e-06
         80       -83.662  -5.89082e-06
         80      -78.5915  -2.94777e-06
         80      -73.5211   7.06829e-06
         80      -68.4507   1.38775e-05
         80      -63.3803  -2.77811e-06
         80      -58.3099   8.51715e-06
         80      -53.2394  -6.69372e-06
         80       -48.169   1.17199e-05
         80      -43.0986    0.00200205
         80      -38.0282     0.0318601
         80      -32.9577     0.0886497
         80      -27.8873      0.161381
         80      -22.8169      0.239775
         80      -17.7465      0.314561
         80      -12.6761       0.37788
         80      -7.60563       0.42365
         80      -2.53521      0.447583
         85             0      0.487396
         85             5      0.474995
         85            10      0.438855
         85            15      0.382098
         85            20      0.309735
         85            25      0.228614
         85            30      0.147112
         85            35     0.0747955
         85            40     0.0221449
         85            45   0.000141852
         85            50   9.95966e-06
         85            55   5.21087e-06
         85            60  -4.78509e-06
         85            65  -3.53471e-06
         85            70   1.05738e-05
         85            75  -1.67081e-06
         85            80  -8.21611e-06
         85            85  -6.15344e-06
         85            90  -4.36418e-06
         85            95   5.00073e-06
         85           100   1.08422e-05
         85           105    6.5092e-06
         85           110   2.49876e-06
         85           115   1.52836e-05
         85           120   3.96133e-06
         85           125   1.41128e-05
         85           130   1.85909e-06
         85           135    1.1074e-06
         85           140   4.74616e-06
         85           145   1.51921e-05
         85           150   1.08254e-05
         85           155    3.1081e-06
         85           160  -5.93164e-06
         85           165   1.39449e-06
         85           170  -7.13316e-06
         85           175   1.10276e-05
         85           180  -4.36979e-07
         85          -175   1.10101e-05
         85          -170  -7.19311e-06
         85          -165   1.28912e-06
         85          -160  -6.08745e-06
         85          -155   3.11325e-06
         85          -150   1.06574e-05
         85          -145   1.51807e-05
         85          -140   4.73508e-06
         85          -135   1.01446e-06
         85          -130   1.84639e-06
         85          -125   1.40844e-05
         85          -120   3.94349e-06
         85          -115    1.5208e-05
         85          -110   2.56643e-06
         85          -105   6.52485e-06
         85          -100   1.07816e-05
         85           -95   4.91489e-06
         85           -90  -4.21366e-06
         85           -85  -6.35565e-06
         85           -80  -8.29701e-06
         85           -75  -1.64054e-06
         85           -70   1.05972e-05
         85           -65  -3.46129e-06
         85           -60  -4.67948e-06
         85           -55   5.46511e-06
         85           -50   1.02686e-05
         85           -45   0.000142777
         85           -40     0.0221451
         85           -35     0.0747954
         85           -30      0.147112
         85           -25      0.228614
         85           -20      0.309736
         85           -15      0.382098
         85           -10      0.438856
         85            -5      0.474995
         90           2.5       0.49684
         90           7.5      0.471873
         90          12.5      0.424117
         90          17.5      0.357626
         90          22.5      0.278457
         90          27.5      0.194302
         90          32.5      0.114238
         90          37.5     0.0484311
         90          42.5    0.00773768
         90          47.5   5.47381e-06
         90          52.5   6.01719e-06
         90          57.5   4.25573e-06
         90          62.5   -5.7825e-06
         90          67.5   2.98994e-07
         90          72.5   1.03474e-05
         90          77.5  -2.74785e-06
         90          82.5   -8.5487e-06
         90          87.5  -9.44615e-06
         90          92.5  -1.00309e-06
         90          97.5    3.2441e-06
         90         102.5   9.65836e-06
         90         107.5   1.03684e-05
         90         112.5   4.14302e-06
         90         117.5   8.48732e-06
         90         122.5   3.02161e-06
         90         127.5   8.27075e-06
         90         132.5   1.71938e-06
         90         137.5   7.65391e-07
         90         142.5   5.57271e-06
         90         147.5   3.02065e-06
         90         152.5   2.63006e-06
         90         157.5  -6.90756e-06
         90         162.5   5.51432e-06
         90         167.5  -3.75161e-06
         90         172.5  -1.68683e-06
         90         177.5   3.05593e-06
         90        -177.5   3.16794e-06
         90        -172.5  -1.75649e-06
         90        -167.5  -3.80247e-06
         90        -162.5   5.33182e-06
         90        -157.5   -7.0349e-06
         90        -152.5   2.51424e-06
         90        -147.5   3.05455e-06
         90        -142.5   5.56467e-06
         90        -137.5   7.03105e-07
         90        -132.5   1.63216e-06
         90        -127.5       8.2e-06
         90        -122.5   2.89242e-06
         90        -117.5   8.38064e-06
         90        -112.5   4.22807e-06
         90        -107.5   1.02662e-05
         90        -102.5   9.63332e-06
         90         -97.5   3.16094e-06
         90         -92.5  -9.01902e-07
         90         -87.5  -9.53175e-06
         90         -82.5  -8.68131e-06
         90         -77.5  -2.81047e-06
         90         -72.5   1.03398e-05
         90         -67.5    3.4485e-07
         90         -62.5  -5.82988e-06
         90         -57.5   4.34676e-06
         90         -52.5   5.98627e-06
         90         -47.5   5.77549e-06
         90         -42.5    0.00773743
         90         -37.5     0.0484312
         90         -32.5      0.114238
         90         -27.5      0.194302
         90         -22.5      0.278457
         90         -17.5      0.357626
         90         -12.5      0.424117
         90          -7.5      0.471873
         90          -2.5       0.49684
         95             0      0.487408
         95             5      0.474995
         95            10      0.438859
         95            15      0.382075
         95            20      0.309735
         95            25      0.228638
         95            30      0.147125
         95            35     0.0748086
         95            40     0.0221531
         95            45   0.000154424
         95            50   2.66846e-06
         95            55   4.99783e-07
         95            60   4.49175e-06
         95            65  -5.76196e-06
         95            70   3.74888e-07
         95            75   8.84667e-06
         95            80  -2.53068e-06
         95            85  -1.25767e-05
         95            90  -5.55673e-06
         95            95  -3.21511e-06
         95           100   4.47322e-06
         95           105   1.19124e-05
         95           110    9.1145e-06
         95           115  -2.12967e-06
         95           120   1.04749e-05
         95           125  -2.32445e-06
         95           130   6.87031e-06
         95           135   2.48016e-06
         95           140   3.90246e-06
         95           145   3.39289e-07
         95           150  -1.57813e-06
         95           155  -4.64455e-07
         95           160   6.08298e-06
         95           165  -3.61765e-06
         95           170  -4.11498e-06
         95           175   -5.0891e-06
         95           180   1.03463e-05
         95          -175  -5.05461e-06
         95          -170  -4.13763e-06
         95          -165  -3.64541e-06
         95          -160   6.07581e-06
         95          -155  -6.06692e-07
         95          -150  -1.46538e-06
         95          -145    3.4601e-07
         95          -140   3.90048e-06
         95          -135    2.5185e-06
         95          -130   6.82648e-06
         95          -125  -2.31048e-06
         95          -120   1.03034e-05
         95          -115  -2.07716e-06
         95          -110   9.02442e-06
         95          -105   1.18128e-05
         95          -100   4.46504e-06
         95           -95  -3.17098e-06
         95           -90  -5.66784e-06
         95           -85   -1.2578e-05
         95           -80  -2.68237e-06
         95           -75   8.80923e-06
         95           -70   4.54387e-07
         95           -65  -5.80316e-06
         95           -60   4.48437e-06
         95           -55   4.14004e-07
         95           -50   2.81682e-06
         95           -45   0.000154062
         95           -40      0.022153
         95           -35     0.0748087
         95           -30      0.147124
         95           -25      0.228638
         95           -20      0.309735
         95           -15      0.382075
         95           -10      0.438859
         95            -5      0.474995
        100       2.53521      0.447595
        100       7.60563      0.423648
        100       12.6761      0.377865
        100       17.7465      0.314549
        100       22.8169      0.239774
        100       27.8873      0.161394
        100       32.9577     0.0886608
        100       38.0282     0.0318714
        100       43.0986    0.00200398
        100        48.169   1.84826e-06
        100       53.2394  -7.29493e-06
        100       58.3099   1.70622e-06
        100       63.3803   7.78931e-06
        100       68.4507   4.30151e-06
        100       73.5211  -1.31732e-06
        100       78.5915   1.25685e-05
        100        83.662   6.68825e-06
        100       88.7324   3.45945e-06
        100       93.8028  -6.83677e-06
        100       98.8732  -6.93761e-06
        100       103.944  -9.55141e-06
        100       109.014  -3.81829e-06
        100       114.085   3.88716e-06
        100       119.155  -2.99965e-06
        100       124.225  -1.07471e-06
        100       129.296  -2.02416e-06
        100       134.366  -4.26056e-07
        100       139.437  -6.73067e-06
        100       144.507  -3.85893e-06
        100       149.577  -4.10234e-06
        100       154.648   2.28186e-06
        100       159.718  -8.37992e-07
        100       164.789  -2.20976e-06
        100       169.859   2.49123e-06
        100        174.93   2.83693e-06
        100           180  -6.25547e-06
        100       -174.93   2.81993e-06
        100      -169.859   2.48762e-06
        100      -164.789  -2.12892e-06
        100      -159.718  -7.27567e-07
        100      -154.648   2.42128e-06
        100      -149.577  -4.07719e-06
        100      -144.507  -3.96906e-06
        100      -139.437  -6.75479e-06
        100      -134.366  -3.38839e-07
        100      -129.296  -1.98858e-06
        100      -124.225  -1.06207e-06
        100      -119.155   -2.9477e-06
        100      -114.085   3.84481e-06
        100      -109.014  -3.71876e-06
        100      -103.944  -9.45708e-06
        100      -98.8732  -6.84188e-06
        100      -93.8028  -6.99549e-06
        100      -88.7324    3.5733e-06
        100       -83.662   6.69781e-06
        100      -78.5915   1.25831e-05
        100      -73.5211  -1.22846e-06
        100      -68.4507   4.33219e-06
        100      -63.3803   7.90467e-06
        100      -58.3099   1.67832e-06
        100      -53.2394  -7.21588e-06
        100       -48.169   1.93296e-06
        100      -43.0986    0.00200414
        100      -38.0282     0.0318716
        100      -32.9577     0.0886607
        100      -27.8873      0.161394
        100      -22.8169      0.239774
        100      -17.7465      0.314549
        100      -12.6761      0.377865
        100      -7.60563      0.423647
        100      -2.53521      0.447595
        105             0      0.392861
        105       5.14286      0.381472
        105       10.2857      0.348337
        105       15.4286      0.296749
        105       20.5714      0.231954
        105       25.7143      0.161058
        105       30.8571     0.0927351
        105            36     0.0368499
        105       41.1429    0.00417155
        105       46.2857  -5.63905e-06
        105       51.4286   1.38348e-05
        105       56.5714   4.16872e-06
        105       61.7143  -1.19977e-07
        105       66.8571   7.82704e-07
        105            72   8.85073e-06
        105       77.1429   4.39392e-07
        105       82.2857   2.63064e-06
        105       87.4286   8.94927e-06
        105       92.5714   6.96482e-06
        105       97.7143   6.94775e-06
        105       102.857  -1.08295e-07
        105           108  -6.72276e-06
        105       113.143  -8.89918e-06
        105       118.286  -3.75632e-06
        105       123.429   9.31305e-07
        105       128.571   -3.9056e-06
        105       133.714  -2.08534e-06
        105       138.857   2.91192e-06
        105           144   6.03631e-06
        105       149.143   6.14202e-06
        105       154.286   7.45959e-06
        105       159.429  -5.32179e-06
        105       164.571    3.8179e-08
        105       169.714  -3.77375e-06
        105       174.857   3.31448e-06
        105           180   -1.9688e-06
        105      -174.857   3.29836e-06
        105      -169.714  -3.67462e-06
        105      -164.571   9.30511e-08
        105      -159.429  -5.35636e-06
        105      -154.286   7.54088e-06
        105      -149.143   6.18979e-06
        105          -144   6.03479e-06
        105      -138.857   3.02586e-06
        105      -133.714  -2.06584e-06
        105      -128.571  -3.71081e-06
        105      -123.429   9.38514e-07
        105      -118.286  -3.73311e-06
        105      -113.143  -8.86199e-06
        105          -108  -6.63196e-06
        105      -102.857  -4.68732e-08
        105      -97.7143   6.82377e-06
        105      -92.5714   7.15981e-06
        105      -87.4286   9.03492e-06
        105      -82.2857   2.60079e-06
        105      -77.1429   3.74184e-07
        105           -72   9.02496e-06
        105      -66.8571   8.66241e-07
        105      -61.7143  -1.59972e-07
        105      -56.5714   4.25423e-06
        105      -51.4286    1.3947e-05
        105      -46.2857   -5.4901e-06
        105      -41.1429    0.00417182
        105           -36       0.03685
        105      -30.8571     0.0927353
        105      -25.7143      0.161058
        105      -20.5714      0.231954
        105      -15.4286      0.296749
        105      -10.2857      0.348336
        105      -5.14286      0.381472
        110       2.64706      0.316517
        110       7.94118       0.29563
        110       13.2353      0.256177
        110       18.5294      0.202617
        110       23.8235      0.141545
        110       29.1176     0.0812504
        110       34.4118     0.0314566
        110       39.7059     0.0029079
        110            45   -1.5412e-05
        110       50.2941   1.71344e-06
        110       55.5882   1.05421e-05
        110       60.8824  -8.31245e-06
        110       66.1765   3.98598e-07
        110       71.4706  -9.40584e-06
        110       76.7647  -1.97667e-06
        110       82.0588  -4.88394e-07
        110       87.3529  -1.23378e-05
        110       92.6471  -7.72076e-06
        110       97.9412  -6.16535e-06
        110       103.235  -3.17663e-06
        110       108.529  -2.32958e-06
        110       113.824    2.0487e-06
        110       119.118   8.34405e-06
        110       124.412   4.87371e-07
        110       129.706   4.75366e-07
        110           135  -9.46504e-06
        110       140.294  -1.19518e-06
        110       145.588  -4.03252e-06
        110       150.882   3.69313e-07
        110       156.176  -1.18812e-05
        110       161.471   3.34436e-06
        110       166.765  -2.49711e-06
        110       172.059   2.52494e-06
        110       177.353  -7.08924e-06
        110      -177.353    -6.997e-06
        110      -172.059   2.58484e-06
        110      -166.765  -2.47428e-06
        110      -161.471   3.26606e-06
        110      -156.176  -1.18762e-05
        110      -150.882   3.49869e-07
        110      -145.588  -4.08153e-06
        110      -140.294  -1.18961e-06
        110          -135  -9.50743e-06
        110      -129.706   3.76928e-07
        110      -124.412   5.43825e-07
        110      -119.118   8.27015e-06
        110      -113.824   2.10145e-06
        110      -108.529  -2.27744e-06
        110      -103.235  -3.17048e-06
        110      -97.9412  -6.25798e-06
        110      -92.6471  -7.75089e-06
        110      -87.3529  -1.24194e-05
        110      -82.0588  -5.21372e-07
        110      -76.7647  -1.86827e-06
        110      -71.4706  -9.56623e-06
        110      -66.1765   3.73305e-07
        110      -60.8824  -8.38816e-06
        110      -55.5882   1.05337e-05
        110      -50.2941   1.72107e-06
        110           -45  -1.53285e-05
        110      -39.7059    0.00290766
        110      -34.4118     0.0314566
        110      -29.1176     0.0812506
        110      -23.8235      0.141545
        110      -18.5294      0.202617
        110      -13.2353      0.256177
        110      -7.94118       0.29563
        110      -2.64706      0.316517
        115             0      0.236466
        115       5.53846      0.226856
        115       11.0769      0.199346
        115       16.6154      0.157667
        115       22.1538      0.107952
        115       27.6923     0.0583648
        115       33.2308     0.0187517
        115       38.7692   0.000283483
        115       44.3077   4.06905e-06
        115       49.8462  -1.31421e-05
        115       55.3846   -5.2107e-06
        115       60.9231   7.20588e-06
        115       66.4615  -8.89087e-08
        115            72   4.32138e-06
        115       77.5385   8.14424e-06
        115       83.0769  -2.59052e-06
        115       88.6154  -2.49868e-06
        115       94.1538  -3.50572e-06
        115       99.6923  -1.27906e-06
        115       105.231   6.26839e-07
        115       110.769   2.32067e-06
        115       116.308   4.58689e-06
        115       121.846   7.26718e-06
        115       127.385  -4.46906e-06
        115       132.923   1.30521e-07
        115       138.462  -8.99593e-06
        115           144  -8.05353e-06
        115       149.538  -5.46259e-06
        115       155.077   -2.3069e-06
        115       160.615   6.07732e-06
        115       166.154   3.05951e-06
        115       171.692   3.14753e-06
        115       177.231    7.5381e-06
        115      -177.231    7.4505e-06
        115      -171.692   3.13095e-06
        115      -166.154   2.90527e-06
        115      -160.615   6.12918e-06
        115      -155.077  -2.34034e-06
        115      -149.538   -5.4619e-06
        115          -144  -8.02892e-06
        115      -138.462  -9.01187e-06
        115      -132.923   1.13909e-07
        115      -127.385  -4.52577e-06
        115      -121.846   7.14666e-06
        115      -116.308   4.58434e-06
        115      -110.769   2.26911e-06
        115      -105.231    5.8325e-07
        115      -99.6923  -1.24043e-06
        115      -94.1538  -3.60917e-06
        115      -88.6154  -2.48337e-06
        115      -83.0769   -2.6332e-06
        115      -77.5385   8.18405e-06
        115           -72   4.30444e-06
        115      -66.4615  -1.43763e-08
        115      -60.9231   7.32058e-06
        115      -55.3846  -5.36448e-06
        115      -49.8462    -1.298e-05
        115      -44.3077   4.00993e-06
        115      -38.7692    0.00028229
        115      -33.2308     0.0187519
        115      -27.6923     0.0583647
        115      -22.1538      0.107952
        115      -16.6154      0.157667
        115      -11.0769      0.199346
        115      -5.53846      0.226856
        120       2.90323      0.151091
        120       8.70968      0.135267
        120       14.5161      0.106374
        120       20.3226     0.0698415
        120        26.129     0.0333926
        120       31.9355    0.00680393
        120       37.7419   1.68094e-05
        120       43.5484   -1.2141e-06
        120       49.3548    1.2798e-05
        120       55.1613   9.35536e-07
        120       60.9677   5.29463e-06
        120       66.7742  -4.68184e-06
        120       72.5806   1.17083e-06
        120       78.3871  -4.77894e-06
        120       84.1935  -2.16131e-06
        120            90    6.4358e-06
        120       95.8065   9.63637e-06
        120       101.613   7.44691e-06
        120       107.419   3.78291e-06
        120       113.226   1.88219e-06
        120       119.032   5.23362e-06
        120       124.839   9.14244e-06
        120       130.645  -5.19772e-06
        120       136.452  -3.14796e-06
        120       142.258  -6.89814e-06
        120       148.065  -3.91213e-06
        120       153.871   5.77486e-06
        120       159.677   4.38542e-06
        120       165.484  -9.56636e-07
        120        171.29  -1.00606e-05
        120       177.097  -1.05795e-05
        120      -177.097  -1.06067e-05
        120       -171.29  -9.96283e-06
        120      -165.484   -9.5503e-07
        120      -159.677   4.27326e-06
        120      -153.871   5.77124e-06
        120      -148.065  -3.79534e-06
        120      -142.258  -6.90706e-06
        120      -136.452  -3.04192e-06
        120      -130.645  -5.14113e-06
        120      -124.839   9.04766e-06
        120      -119.032   5.22277e-06
        120      -113.226   1.77645e-06
        120      -107.419   3.76701e-06
        120      -101.613   7.62664e-06
        120      -95.8065   9.57454e-06
        120           -90   6.48745e-06
        120      -84.1935  -2.17005e-06
        120      -78.3871  -4.82589e-06
        120      -72.5806   1.22186e-06
        120      -66.7742  -4.87012e-06
        120      -60.9677   5.23435e-06
        120      -55.1613   7.88495e-07
        120      -49.3548   1.27428e-05
        120      -43.5484  -1.35681e-06
        120      -37.7419   1.67416e-05
        120      -31.9355    0.00680356
        120       -26.129     0.0333926
        120      -20.3226     0.0698415
        120      -14.5161      0.106374
        120      -8.70968      0.135267
        120      -2.90323       0.15109
        125             0      0.078871
        125       6.10169     0.0728472
        125       12.2034     0.0562714
        125       18.3051     0.0335411
        125       24.4068     0.0117278
        125       30.5085   0.000224274
        125       36.6102  -1.16658e-05
        125       42.7119     7.866e-06
        125       48.8136   1.01757e-06
        125       54.9153  -3.50759e-06
        125       61.0169  -8.32115e-06
        125       67.1186   7.95322e-07
        125       73.2203   2.34686e-06
        125        79.322  -4.10554e-06
        125       85.4237   3.05383e-07
        125       91.5254   6.24754e-07
        125       97.6271   5.68951e-06
        125       103.729    7.2993e-06
        125       109.831   6.65311e-06
        125       115.932   7.04327e-06
        125       122.034   7.41594e-06
        125       128.136   7.99725e-06
        125       134.237  -6.15708e-06
        125       140.339  -7.16397e-07
        125       146.441   2.95777e-06
        125       152.542    1.4308e-05
        125       158.644  -5.12639e-06
        125       164.746  -2.40251e-06
        125       170.847   5.99289e-06
        125       176.949   9.59663e-06
        125      -176.949   9.58846e-06
        125      -170.847   6.05087e-06
        125      -164.746  -2.40699e-06
        125      -158.644  -4.99968e-06
        125      -152.542    1.4371e-05
        125      -146.441   2.97207e-06
        125      -140.339  -6.11243e-07
        125      -134.237  -6.03397e-06
        125      -128.136   8.00516e-06
        125      -122.034   7.44375e-06
        125      -115.932    7.0276e-06
        125      -109.831   6.66059e-06
        125      -103.729   7.45162e-06
        125      -97.6271   5.72916e-06
        125      -91.5254    6.2635e-07
        125      -85.4237   3.63329e-07
        125       -79.322  -4.28891e-06
        125      -73.2203   2.40663e-06
        125      -67.1186   9.01365e-07
        125      -61.0169  -8.28331e-06
        125      -54.9153  -3.50459e-06
        125      -48.8136   1.08226e-06
        125      -42.7119   7.89384e-06
        125      -36.6102  -1.19377e-05
        125      -30.5085   0.000224587
        125      -24.4068     0.0117276
        125      -18.3051     0.0335412
        125      -12.2034     0.0562713
        125      -6.10169     0.0728472
        130       3.27273     0.0233286
        130       9.81818     0.0166969
        130       16.3636    0.00682742
        130       22.9091   0.000205921
        130       29.4545  -2.20274e-05
        130            36   -1.4248e-05
        130       42.5455  -3.84533e-06
        130       49.0909  -6.11415e-06
        130       55.6364   8.62407e-06
        130       62.1818   1.67946e-06
        130       68.7273   2.46398e-06
        130       75.2727  -1.24578e-05
        130       81.8182   3.08799e-06
        130       88.3636   4.26748e-06
        130       94.9091    3.3701e-07
        130       101.455   7.49244e-06
        130           108   8.64397e-06
        130       114.545  -1.06658e-06
        130       121.091  -4.31759e-06
        130       127.636  -1.02509e-05
        130       134.182  -6.79772e-06
        130       140.727   1.11272e-05
        130       147.273   9.43223e-06
        130       153.818  -3.53423e-06
        130       160.364   1.02722e-05
        130       166.909   7.91898e-06
        130       173.455   1.64558e-07
        130           180   4.09897e-06
        130      -173.455   2.39767e-07
        130      -166.909   7.76318e-06
        130      -160.364   1.02374e-05
        130      -153.818  -3.41312e-06
        130      -147.273   9.35436e-06
        130      -140.727   1.10798e-05
        130      -134.182  -6.83165e-06
        130      -127.636  -1.01025e-05
        130      -121.091  -4.28923e-06
        130      -114.545  -9.71976e-07
        130          -108   8.77075e-06
        130      -101.455   7.50279e-06
        130      -94.9091   3.74451e-07
        130      -88.3636   4.25589e-06
        130      -81.8182   3.20607e-06
        130      -75.2727  -1.25045e-05
        130      -68.7273   2.47466e-06
        130      -62.1818   1.67507e-06
        130      -55.6364   8.63279e-06
        130      -49.0909  -6.05126e-06
        130      -42.5455  -3.83862e-06
        130           -36  -1.42708e-05
        130      -29.4545  -2.20709e-05
        130      -22.9091   0.000206798
        130      -16.3636     0.0068273
        130      -9.81818     0.0166968
        130      -3.27273     0.0233285
        135             0   0.000312703
        135       7.05882   4.75122e-05
        135       14.1176   3.91526e-06
        135       21.1765  -1.36872e-05
        135       28.2353  -4.28441e-06
        135       35.2941   6.35983e-06
        135       42.3529   3.36474e-06
        135       49.4118  -3.09002e-06
        135       56.4706     1.078e-06
        135       63.5294  -1.67172e-06
        135       70.5882   2.10713e-06
        135       77.6471  -5.81635e-06
        135       84.7059  -2.10236e-06
        135       91.7647   9.31366e-06
        135       98.8235  -3.46023e-06
        135       105.882   8.06156e-06
        135       112.941  -4.34013e-06
        135           120   -6.5969e-06
        135       127.059   2.57488e-06
        135       134.118   1.58711e-05
        135       141.176  -5.61363e-06
        135       148.235  -5.05645e-06
        135       155.294   4.96075e-06
        135       162.353   -5.2966e-06
        135       169.412   1.18658e-05
        135       176.471  -5.50452e-06
        135      -176.471   -5.5387e-06
        135      -169.412    1.1928e-05
        135      -162.353  -5.44189e-06
        135      -155.294   4.77359e-06
        135      -148.235  -5.00412e-06
        135      -141.176  -5.64938e-06
        135      -134.118   1.55991e-05
        135      -127.059   2.61145e-06
        135          -120  -6.55918e-06
        135      -112.941  -4.33223e-06
        135      -105.882   7.96118e-06
        135      -98.8235  -3.38134e-06
        135      -91.7647   9.31984e-06
        135      -84.7059  -1.97914e-06
        135      -77.6471  -5.89155e-06
        135      -70.5882   2.20162e-06
        135      -63.5294  -1.64265e-06
        135      -56.4706    1.0578e-06
        135      -49.4118  -3.02031e-06
        135      -42.3529   3.49186e-06
        135      -35.2941   6.48878e-06
        135      -28.2353  -4.26942e-06
        135      -21.1765  -1.38152e-05
        135      -14.1176   4.10022e-06
        135      -7.05882   4.77335e-05
        140       3.91304   1.21533e-05
        140       11.7391  -1.65701e-05
        140       19.5652   6.08903e-06
        140       27.3913   1.23293e-05
        140       35.2174   1.13729e-05
        140       43.0435   4.32708e-07
        140       50.8696  -3.77509e-06
        140       58.6957   2.57194e-06
        140       66.5217  -8.00308e-07
        140       74.3478   2.88338e-06
        140       82.1739  -2.70309e-06
        140            90  -7.43869e-06
        140       97.8261  -4.65296e-06
        140       105.652   2.57191e-06
        140       113.478  -8.75791e-06
        140       121.304   9.59018e-06
        140        129.13  -6.44541e-06
        140       136.957    3.4856e-07
        140       144.783    -6.525e-06
        140       152.609    9.6108e-07
        140       160.435   1.26975e-05
        140       168.261  -8.88339e-06
        140       176.087    1.2614e-06
        140      -176.087   1.11156e-06
        140      -168.261  -8.80685e-06
        140      -160.435   1.25825e-05
        140      -152.609   9.98306e-07
        140      -144.783  -6.64955e-06
        140      -136.957   2.69619e-07
        140       -129.13  -6.50418e-06
        140      -121.304   9.62194e-06
        140      -113.478  -8.86933e-06
        140      -105.652   2.64892e-06
        140      -97.8261  -4.76896e-06
        140           -90  -7.33304e-06
        140      -82.1739  -2.82956e-06
        140      -74.3478   2.83357e-06
        140      -66.5217  -6.51214e-07
        140      -58.6957   2.61754e-06
        140      -50.8696  -3.86786e-06
        140      -43.0435   5.01725e-07
        140      -35.2174   1.14465e-05
        140      -27.3913   1.23038e-05
        140      -19.5652   6.01715e-06
        140      -11.7391   -1.6618e-05
        140      -3.91304   1.21299e-05
        145             0   1.03238e-05
        145       8.78049   1.81195e-06
        145        17.561  -3.37075e-06
        145       26.3415  -1.04424e-06
        145        35.122  -7.57828e-06
        145       43.9024   3.76864e-06
        145       52.6829   7.80542e-06
        145       61.4634  -1.19725e-05
        145       70.2439   9.60488e-06
        145       79.0244   -5.8008e-07
        145       87.8049   4.83656e-06
        145       96.5854   1.23361e-06
        145       105.366  -5.35736e-06
        145       114.146   2.29234e-06
        145       122.927   6.07993e-06
        145       131.707  -7.92174e-07
        145       140.488  -1.96983e-05
        145       149.268   1.64095e-05
        145       158.049   3.83358e-06
        145       166.829   1.52318e-07
        145        175.61  -2.46985e-06
        145       -175.61  -2.62112e-06
        145      -166.829   2.02012e-07
        145      -158.049   3.92256e-06
        145      -149.268   1.62886e-05
        145      -140.488  -1.97617e-05
        145      -131.707  -6.62432e-07
        145      -122.927   6.05453e-06
        145      -114.146   2.05649e-06
        145      -105.366  -5.39473e-06
        145      -96.5854   1.17033e-06
        145      -87.8049    4.8303e-06
        145      -79.0244  -5.73827e-07
        145      -70.2439   9.68697e-06
        145      -61.4634  -1.19677e-05
        145      -52.6829   7.72991e-06
        145      -43.9024   3.72125e-06
        145       -35.122  -7.58911e-06
        145      -26.3415  -1.10596e-06
        145       -17.561  -3.48191e-06
        145      -8.78049   1.70099e-06
        150             5   3.44626e-06
        150            15   7.80232e-06
        150            25  -3.33576e-06
        150            35   3.61855e-06
        150            45   3.40456e-06
        150            55  -6.87408e-06
        150            65   2.14627e-06
        150            75   5.89156e-06
        150            85   -2.3556e-06
        150            95   1.12682e-05
        150           105   8.06955e-06
        150           115  -8.98931e-06
        150           125  -5.25519e-06
        150           135    6.7067e-06
        150           145   1.83313e-05
        150           155  -4.54177e-06
        150           165  -1.01964e-05
        150           175   1.02136e-05
        150          -175   1.02531e-05
        150          -165  -1.01885e-05
        150          -155  -4.59315e-06
        150          -145   1.83224e-05
        150          -135   6.70501e-06
        150          -125  -5.03297e-06
        150          -115  -8.94023e-06
        150          -105   8.17456e-06
        150           -95   1.13733e-05
        150           -85   -2.3398e-06
        150           -75   5.91583e-06
        150           -65   2.23893e-06
        150           -55  -6.87715e-06
        150           -45    3.2458e-06
        150           -35   3.52161e-06
        150           -25  -3.36556e-06
        150           -15   7.81652e-06
        150            -5   3.40272e-06
        155             0  -7.23135e-06
        155            12   2.09418e-06
        155            24  -3.11156e-06
        155            36  -9.90241e-06
        155            48  -5.69743e-06
        155            60   7.46381e-06
        155            72  -2.44029e-07
        155            84  -1.03148e-05
        155            96  -1.06448e-05
        155           108   1.65025e-06
        155           120   7.72262e-06
        155           132  -8.84689e-06
        155           144  -2.22756e-06
        155           156   6.31634e-06
        155           168  -9.98071e-07
        155           180  -6.26291e-07
        155          -168  -8.36437e-07
        155          -156   6.28554e-06
        155          -144  -2.37003e-06
        155          -132  -8.79153e-06
        155          -120   7.96949e-06
        155          -108   1.62797e-06
        155           -96  -1.08019e-05
        155           -84   -1.0227e-05
        155           -72  -2.79746e-07
        155           -60   7.43543e-06
        155           -48  -5.65319e-06
        155           -36   -9.8573e-06
        155           -24  -3.00877e-06
        155           -12   2.25074e-06
        160           7.2  -5.82188e-06
        160          21.6  -1.72234e-06
        160            36  -1.52755e-06
        160          50.4   6.12692e-06
        160          64.8  -1.25214e-06
        160          79.2  -3.84982e-06
        160          93.6      2.08e-06
        160           108   8.98471e-06
        160         122.4  -7.42506e-06
        160         136.8   6.84761e-06
        160         151.2  -7.61216e-06
        160         165.6  -8.14729e-06
        160           180   5.63049e-06
        160        -165.6  -8.15539e-06
        160        -151.2  -7.77596e-06
        160        -136.8   6.89936e-06
        160        -122.4  -7.50876e-06
        160          -108   9.04591e-06
        160         -93.6   2.07477e-06
        160         -79.2  -3.87448e-06
        160         -64.8  -1.15868e-06
        160         -50.4   6.11284e-06
        160           -36  -1.45395e-06
        160         -21.6  -1.64929e-06
        160          -7.2  -5.74652e-06
        165             0  -3.90803e-06
        165       18.9474  -8.27855e-07
        165       37.8947   8.69617e-06
        165       56.8421  -3.38603e-06
        165       75.7895    6.7933e-06
        165       94.7368    1.0089e-05
        165       113.684   -1.1262e-05
        165       132.632  -1.88863e-06
        165       151.579  -1.54336e-06
        165       170.526  -2.44119e-06
        165      -170.526  -2.44818e-06
        165      -151.579   -1.5735e-06
        165      -132.632  -1.77226e-06
        165      -113.684  -1.14135e-05
        165      -94.7368   1.00059e-05
        165      -75.7895   6.83875e-06
        165      -56.8421  -3.43967e-06
        165      -37.8947   8.67048e-06
        165      -18.9474  -9.00043e-07
        170       13.8462   4.13371e-06
        170       41.5385   3.44485e-06
        170       69.2308  -3.04745e-06
        170       96.9231  -8.29864e-06
        170       124.615  -4.35019e-06
        170       152.308  -3.98856e-06
        170           180   7.89556e-06
        170      -152.308  -3.80122e-06
        170      -124.615  -4.27151e-06
        170      -96.9231  -8.43431e-06
        170      -69.2308  -3.08102e-06
        170      -41.5385   3.26597e-06
        170      -13.8462   4.11602e-06
        175             0  -1.54138e-06
        175            60  -7.41384e-06
        175           120   8.91589e-06
        175           180   1.71731e-06
        175          -120   9.04495e-06
        175           -60  -7.29558e-06
        180           180  -5.49741e-07
