        1   1.17399  0.829468  0.346388  0.289664
        2   0.33645  0.472424  0.284137  0.246562
        3   3.18622   1.30553  0.339084  0.207221
        4   1.42553  0.862604  0.239179  0.169675
        5    2.6158   1.05393  0.239387  0.230861
        6   1.59383  0.899679  0.174273  0.186344
        7    1.1467  0.563389  0.096872  0.191433
        8  0.625895   0.30574 0.0654356 0.0968803
        9   0.84317  0.121962  0.117134  0.184621
       10   1.26691  0.771596  0.243694   41.0903
       11   1.81572   1.02111  0.292011 0.0952649
       12   3.16794   1.45265  0.288708 0.0788447
       13   1.76887  0.995203  0.225478   81.0464
       14  0.990652  0.473002   0.11521   79.9473
       15  0.986036  0.536681  0.106601  0.138087
       16   2.65806   1.35654  0.234817  0.149191
       17  0.999517  0.780118  0.190017  0.296363
       18  0.797823  0.525079  0.157153  0.425649
       19   1.41141   0.55073  0.125214  0.411422
       20   1.25601   0.52145 0.0485345  0.190999
       21   1.66749  0.617002  0.121829  0.197322
       22  0.343523  0.215389  0.142409  0.108077
       23   2.07275  0.801412  0.102999 0.0876261
       24   2.26875  0.760332  0.176851  0.253227
       25   1.43412  0.701473  0.263291  0.299307
       26   1.04454   0.28054  0.168449  0.281357
       27   0.98328  0.533477  0.249038  0.283291
       28    1.8735  0.917373  0.256786  0.193803
       29   2.47613  0.968173  0.147223  0.191648
       30   1.58511  0.129746  0.112619   0.18136
       31   2.22687  0.655805  0.212789  0.241515
       32   3.11672     1.134  0.274838  0.256284
       33   2.18646  0.925368  0.260903  0.232067
       34   1.04154   0.64785  0.209496  0.332131
       35   1.05407   0.67087  0.196301  0.321974
       36   0.16997  0.172331  0.134817  0.258699
       37   1.26043  0.642715  0.191875  0.186459
       38   1.34054  0.629093  0.154326  0.279969
       39  0.997208  0.428198  0.132256  0.283838
       40   1.12153  0.450924  0.126259   0.31101
       41  0.854717  0.312556 0.0866534  0.406913
       42  0.986222  0.575818   0.18504  0.313454
       43   1.56256  0.769899  0.226714  0.383765
       44   1.07511  0.532051  0.214735  0.384179
       45  0.340382 0.0618828  0.154749  0.373063
       46   1.21424  0.455442  0.132787  0.419693
       47   1.46121  0.651446  0.299127  0.420865
       48   1.82834   1.17419  0.449065   0.42817
       49   2.35879   1.52219  0.525497   0.33769
       50   18.9633   18.2809   17.2822   17.2345
       51   19.7881   18.6192   17.2482   16.9937
       52   17.1234   17.4133   16.9616   16.8966
       53   17.4358   17.2307   16.7386   16.6698
       54   15.4871   16.2523   16.3892   16.4527
       55   16.2664   16.2621    16.127   16.2071
       56   15.8816   15.8834   15.8013   15.7999
       57   15.2609   15.4527   15.4608   15.5769
       58   15.4384   15.3257   15.1478   15.2623
       59   15.2512   15.1353   14.8251   14.9658
       60   16.3377   15.0155   14.4674   54.9807
       61   14.7862   14.7862    14.098   13.8812
       62   15.2456   14.5232   13.8037   13.4536
       63   14.4041   13.8911   13.3937   13.1278
       64   12.1304   12.6206   12.8753   12.9452
       65   12.0468   12.2182   12.4754   12.6371
       66   11.6613   11.9647   12.1123   12.3199
       67   13.3751   12.5389   11.8677   11.9867
       68   11.7151   11.6467   11.4173   11.5336
       69   9.66658   10.4779   10.9372   11.0703
       70   9.03781     9.766     10.51   10.7286
       71   8.59348   9.44791   10.1908   10.5896
       72   11.5914   10.6153   10.0749   10.1807
       73   10.5285   10.2667    9.7985   9.88596
       74   10.1086   9.91162   9.48345   9.56576
       75   9.52555   9.48479   9.15704   9.11612
       76   10.5532   9.56546   8.86519   8.64596
       77   8.10606   8.42309   8.41782   8.37229
       78   7.09148   7.70364   7.99362   8.03957
       79   7.40621   7.54022   7.62762   7.48326
       80   8.05554   7.53871   7.24511   7.09775
       81     8.078     7.584   6.89197   6.90556
       82   9.80392   8.00938   6.58306    6.5128
       83   6.58591   6.40344   6.03337   6.20055
       84   5.97883   5.56145   5.54893   5.87398
       85   4.44573   4.63675   5.10064   5.52685
       86   4.56767   4.52781   4.78179   5.13995
       87   4.49205   4.40806   4.48766   4.88782
       88   4.16454   4.18232   4.18242   4.66648
       89    4.7219   4.19398    3.9072   154.925
       90   4.17089   3.83616   3.58233   3.42289
       91   4.25878   3.64461   3.27095   3.18634
       92   2.38826    2.7456   2.86838   2.87306
       93   2.97017    2.6171   2.53779   2.58167
       94   1.26082   1.56861   2.09695   2.26075
       95   1.48731    1.4332   1.79573   1.90996
       96   1.15487   1.05247   1.48874   1.72009
       97  0.704328  0.454192   1.18475   1.65464
       98   1.03269  0.320167   0.95125   78.1706
       99  0.597904  0.329352  0.866471   1.21108
      100  0.968907  0.280022  0.744282   1.15924
