        1  0.864853  0.599318   0.22151  0.477052
        2  0.821852  0.470185  0.157875  0.204795
        3   1.18335  0.348159 0.0977885  0.539933
        4    1.4512  0.226762 0.0817607   1.36339
        5  0.390837 0.0786538  0.131673   1.35906
        6   0.40977  0.127069  0.198619   1.07005
        7  0.458796  0.221265  0.261764  0.711918
        8  0.701069  0.341056  0.310289  0.423822
        9  0.752211  0.436412  0.338082    0.3397
       10   1.55339  0.519521  0.338502  0.481554
       11   1.01056  0.401906  0.311119  0.711811
       12  0.257295   0.25143  0.257643  0.845529
       13 0.0363651  0.158906  0.184533  0.678397
       14  0.152505  0.054322  0.102449  0.340337
       15  0.540953 0.0510884 0.0383016  0.308243
       16  0.485972  0.129715 0.0750643  0.545571
       17   1.59826  0.212939  0.130221   0.72571
       18   1.93208  0.260879  0.170162  0.757318
       19   1.31825  0.232868   0.19386  0.484898
       20   0.48547  0.214791  0.204316  0.410161
       21  0.474598   0.18285  0.205811  0.445584
       22  0.270386  0.146703  0.203542  0.645879
       23   1.14997  0.117245  0.203493  0.770902
       24   1.05397  0.122525   0.21206  0.357792
       25   0.32094  0.270122   0.23128  0.148534
       26   0.65715   0.31938  0.256133   0.66183
       27   1.05034  0.335426  0.277298  0.437604
       28   1.26851  0.376846  0.285674  0.249228
       29   1.56878  0.435736  0.276279  0.060228
       30    1.5485  0.486408  0.247143  0.492981
       31   1.15408  0.429316  0.200658  0.155693
       32  0.865869  0.286601  0.142654  0.251763
       33  0.971013 0.0891185 0.0907535  0.479486
       34  0.309771 0.0816765 0.0934291  0.468694
       35  0.936104  0.194926  0.151504  0.490824
       36     1.086  0.287637  0.217266  0.427789
       37   0.42356  0.359907  0.271223  0.455614
       38  0.379208  0.423293  0.305555  0.437863
       39  0.329188   0.45992  0.317697  0.483755
       40  0.797307  0.485272  0.310271  0.528941
       41  0.879698  0.484276  0.288132  0.502412
       42  0.802863  0.463883  0.256787  0.444398
       43  0.995469  0.453267  0.218814  0.394937
       44  0.649936  0.442335  0.177252    0.4307
       45  0.739007   0.52143  0.139493  0.482756
       46   1.39326  0.522016  0.124543  0.552878
       47  0.402156  0.256768  0.494352  0.406895
       48  0.565781  0.354857  0.949407  0.234705
       49   1.36883  0.700606   1.67159  0.682914
       50   16.6662   16.4662   15.8865    17.148
       51    17.188   17.1145   16.6222    18.477
       52   17.6067   17.0619   16.7757   17.7026
       53   17.2941    16.992   16.8172   17.2453
       54   17.2029   16.9213   16.7964   16.7844
       55   15.9876   16.5388   16.4944   16.3201
       56   15.5304    16.143   16.1876   15.8152
       57   15.3206   15.7637   15.8683   15.3734
       58   14.5323   15.4168   15.5351   14.9428
       59   15.3708    15.137   15.1881   14.5356
       60   14.5027   14.8263   14.8276   14.1793
       61   14.1436   14.5234   14.4571   13.8194
       62   15.9752   14.4138   14.0749   13.5487
       63   14.2557   13.7765   13.6789   92.0781
       64   13.0048   13.3032   13.2674    10.347
       65   12.5109   12.8272   12.8399   88.0896
       66   12.0946   12.3355   12.3986   55.6781
       67   11.1068   11.8441   11.9508   12.1308
       68   10.6518   11.3588   11.5051     11.94
       69    11.477   10.9121   11.0731   11.5979
       70   9.39779   10.2986   10.6651   36.0272
       71   10.4633   10.0409   10.2883   7.30579
       72   9.84307   9.77076   9.94074   9.76994
       73   10.3519   9.59259   9.61673   9.59432
       74   9.10526   9.28899   9.30546   9.28781
       75   7.72021   8.91542   8.99548   8.93972
       76   8.70698    8.6365   8.67991   8.48346
       77   8.34709   8.29045   8.35264   8.08217
       78   7.96739   7.93777   8.01371   7.63007
       79   8.95427   7.58488   7.66472   7.21266
       80   7.35415   7.23414   7.31047   6.66312
       81   7.19428   6.88309   6.95424   6.54562
       82   5.93334   6.52939   6.59875   6.18009
       83   5.43314   6.17319   6.24398   5.78393
       84   5.39714    5.8625   5.88718   5.42413
       85   5.63883   5.56311   5.52577    5.0698
       86   5.01009   5.23718   5.15697   4.71595
       87   4.69019   4.84596   4.77724    91.651
       88   5.25066   4.45041   4.39224   3.93175
       89   4.98974   4.05364   4.00622   3.53349
       90   4.15102   3.65262   3.62434   3.21636
       91    3.3891   3.27666   3.24929   2.91786
       92    2.4994   2.92303   2.88305   2.60351
       93   3.88075    2.6206   2.52313    2.2852
       94   2.52665   2.25655   2.16644   1.91601
       95   1.76597   1.90765   1.80925   1.53638
       96   2.45164   1.60961   1.45271  0.953527
       97   0.62862    1.1701   1.11084   1.01653
       98  0.395914  0.805632  0.827674  0.519111
       99  0.543696  0.662497  0.712882  0.250163
      100   1.19319  0.914068  0.849263  0.730264
