        1   2.28969   1.07297   1.37275  0.716683
        2  0.935022  0.621388  0.326142  0.519281
        3   0.73434  0.434055   0.24446  0.378171
        4   0.73434  0.608162  0.269956 0.0921925
        5   1.74574  0.621388  0.372249  0.159084
        6   1.74574  0.434055  0.262544   2.08396
        7   1.04336  0.608162  0.326142   1.79239
        8  0.543789   0.12531   0.24446   2.15043
        9    2.1592  0.198138  0.269956   2.33826
       10    2.1592  0.263245  0.355611   2.44694
       11   2.38535  0.462906  0.304137  0.248045
       12  0.569911  0.198138  0.156217  0.397723
       13  0.620535  0.263245 0.0108215  0.323877
       14  0.620535  0.462906  0.365513  0.220456
       15   2.06281  0.407029  0.404228   2.31317
       16  0.516995     0.153  0.504227  0.248045
       17   0.53273  0.122085  0.422861  0.397723
       18   0.53273  0.524735   0.30252  0.323877
       19   1.48645     0.153  0.365513  0.220456
       20   1.48645  0.122085  0.404228   2.31317
       21   0.42291  0.524735  0.504227   2.43547
       22   1.83436   0.65024  0.422861  0.971589
       23   1.83436  0.467825  0.359048   3.84785
       24   1.49609 0.0838489  0.466372  0.331378
       25   1.22904  0.209779  0.269358  0.116797
       26   1.22904  0.210509  0.262938  0.249867
       27   0.74747  0.170091  0.130305  0.390861
       28  0.753056  0.317611  0.359048  0.617855
       29  0.753056  0.210509  0.466372  0.331378
       30   1.11379  0.170091  0.269358  0.116797
       31   1.11379  0.317611  0.262938  0.249867
       32  0.555825  0.260221  0.130305  0.390861
       33  0.656811  0.734622   0.30407  0.617855
       34  0.627941  0.762511  0.407283    2.3005
       35  0.435511   0.70237   0.42886   2.28732
       36  0.435511  0.734622  0.307116    2.6801
       37  0.700695  0.819747  0.349716   2.74358
       38   1.06992  0.759526  0.183075   2.58659
       39   1.06992  0.237624  0.572951   3.83069
       40  0.684341  0.666323   0.40906  0.357746
       41   1.92252  0.485414  0.283869  0.294274
       42  0.634858  0.161776  0.353008  0.622821
       43  0.225386  0.199756 0.0753428  0.832186
       44   1.18944  0.417914  0.165397   2.05997
       45   1.73959  0.161776   0.40906  0.357746
       46   1.73959  0.199756  0.283869  0.294274
       47   1.95489  0.417914  0.353008  0.622821
       48  0.843856  0.422745 0.0753428  0.832186
       49  0.843856  0.709278  0.165397   2.05997
       50   18.8421   17.8466    17.314   18.9045
       51   17.3324   17.5358   16.8146   6.41367
       52    16.878   17.3666   16.5034   9.17984
       53    17.854   16.9114   16.4186   15.4538
       54    17.854   17.5358   15.7252   16.0696
       55   17.1203   17.3666    17.314   18.9045
       56   17.1203   15.3384   16.8146   18.5033
       57   15.7365   15.6149   14.5627   15.9341
       58   15.7365    16.018   14.4412   15.4538
       59   14.9756   15.3384   14.2056   13.6242
       60    15.672   15.6149    13.573   13.4126
       61   12.9567   14.3848   12.7995   12.8934
       62   13.2576   14.3667   14.5627     12.57
       63   13.2576   14.6502   14.4412   12.8988
       64   13.7385   14.3848   14.2056   13.6242
       65   13.7385   13.5711   10.8201   13.4126
       66   10.0194   10.8675   12.7995   12.8934
       67    8.6751   9.71451   12.4244     12.57
       68    8.6751   10.1703   10.1843   12.8988
       69   10.2689   10.8675   11.9074   12.6066
       70   10.2689   9.71451   10.8201   14.0846
       71   10.2607   10.1703   11.1155   13.8427
       72   9.72356   9.35672   10.2795   12.1003
       73   9.43006   9.12188   10.1843   9.39383
       74   8.57299   9.04302   8.98643   9.19211
       75   8.57299   9.35672     8.684    8.8064
       76   8.56128   9.12188   8.41451   8.35871
       77   9.85469   9.04302   7.28952   5.60888
       78   9.17866   9.04499   9.29431   9.39383
       79   7.72966   9.00251   8.98643   5.87098
       80   7.72966     7.065    6.8644   6.03601
       81   7.14789   6.72684   6.32659   5.76071
       82   7.36136   6.81235   5.63974   5.60888
       83   7.19386   5.83094   5.20313   7.73963
       84   6.36212   5.20345    4.4961   5.87098
       85   6.36212   6.81235   3.92303   6.03601
       86   3.60731   5.83094   3.83789   5.76071
       87   3.60731   5.20345   3.79213    9.7656
       88   3.60538   4.36175   3.21728   6.41028
       89    4.2793   3.81712    4.4961   8.38586
       90    4.0908   2.91022   3.92303   9.94333
       91    4.0908     2.302   3.83789   5.01038
       92   2.31146   3.81712   3.79213   4.59168
       93   2.31146   2.91022   1.25879   3.45017
       94     1.752  0.757486   1.28329  0.495436
       95  0.922075  0.891173  0.956279   1.32816
       96  0.922075   1.57388   1.12219   1.24256
       97  0.284263    1.4463   1.01198    1.2667
       98  0.284263  0.891173  0.333675   1.05579
       99  0.814982   1.57388   1.28329   1.02956
      100   1.01836    1.4463  0.956279  0.833065
