        1   1.21717  0.481911 0.0824243   22.8205
        2  0.971782   0.34531  0.137074   15.5448
        3  0.868287  0.258783 0.0582772   7.49003
        4  0.280765  0.425992  0.111497    12.533
        5  0.190304  0.506721  0.202292   19.6693
        6  0.392422  0.429075  0.326431   7.98145
        7  0.412748  0.502148  0.309418   7.31659
        8  0.632928   0.92018  0.423341  0.939109
        9  0.986257  0.900786  0.464597   13.3389
       10   1.21584  0.778227  0.544518   13.3774
       11  0.570769  0.912923  0.538463   12.8713
       12  0.222602  0.541169  0.678317  0.592745
       13  0.385544  0.348163  0.776721  0.212355
       14  0.862871   0.53504  0.528982  0.117017
       15  0.371198  0.510374  0.320732   1.04345
       16   1.07264  0.515983  0.483299  0.801922
       17   1.72627  0.645265   0.52211  0.552765
       18   2.42126  0.950474  0.423493  0.182555
       19   1.34196   1.06071  0.602962   12.5897
       20  0.483535  0.426258  0.705316   12.7093
       21  0.213531  0.409172  0.302761   12.4605
       22   0.27936  0.378926  0.319104   5.40583
       23  0.259954  0.426965  0.190515   5.41625
       24  0.291183  0.462249  0.107803   7.19546
       25  0.355518  0.266343  0.137331   6.02884
       26  0.502082  0.294293  0.281223   6.26615
       27  0.614372 0.0790596  0.249341  0.886944
       28  0.907389  0.185684  0.182488  0.506005
       29   0.52325 0.0777615  0.482846  0.140527
       30  0.471936  0.359345  0.424979  0.343906
       31  0.418139  0.164437  0.425581  0.367825
       32  0.295573  0.242434  0.212694  0.178739
       33  0.755952  0.239186  0.244402   1.05688
       34    1.2089  0.657856  0.276007   1.05355
       35   0.80644  0.357879  0.339772  0.725682
       36  0.808212  0.541924  0.190832  0.502954
       37   1.48004   0.48365  0.294961  0.541933
       38   1.64213  0.438979  0.300474  0.987971
       39  0.472048 0.0698117  0.525808    8.2732
       40  0.226244  0.446496  0.182434   8.04904
       41  0.806535  0.643018  0.431075   7.75138
       42  0.739595  0.860605  0.467848  0.364651
       43   1.04995  0.658325   0.53596    4.8286
       44  0.824174   0.64181  0.372253   4.99197
       45  0.804717  0.625747  0.423984   5.39956
       46  0.766682  0.591063  0.406558  0.930464
       47   1.14032  0.273615     2.984  0.939127
       48  0.858399   3.86638   5.25366   1.58568
       49     6.799   7.34194   7.68864   6.29257
       50   12.1079   10.9308   10.1054   11.1889
       51   18.2738   14.3523   12.3818   16.5179
       52   18.2926    17.689     14.49   16.4478
       53   17.6081   16.9186    16.805   16.7249
       54   16.4038   16.5369   16.4479      25.5
       55   15.3294   16.1343   16.0731   25.4354
       56   15.5131   15.4904   15.5617   24.9815
       57   15.8575    15.139   15.0007   20.9748
       58   15.1905   14.8723   14.5815    21.074
       59   14.4112   14.4273   14.3589   21.2454
       60   13.6838   13.9834   13.9422   7.94294
       61   13.7797   13.4915   13.4774   6.33521
       62   13.1275   13.2909   13.4077   6.58733
       63   13.0463   13.2642   13.0557   12.0584
       64    12.374   13.1356   12.9395   12.3568
       65   13.0662   13.0221   12.7014   11.7305
       66   13.5659   12.7199   12.3071   11.7095
       67   12.9492   12.1367   12.0798   11.5777
       68   12.1916   11.6048   11.7147   11.5224
       69   10.8647   11.2233   11.1073   11.5454
       70   10.7021   10.3617   10.7994   10.5975
       71   9.92542   10.1577   10.2845   9.76083
       72    9.7365   10.0087   9.94621   9.94699
       73   9.42546   9.78071   9.68103   9.75644
       74   9.74753   9.40554   9.25738   10.1674
       75   9.38547   9.16108   8.86025   9.22231
       76   9.04015   8.67006   8.57915   12.1043
       77   7.86526   8.05711   8.34038   11.6007
       78   7.10931   7.72344   8.00278   11.3079
       79   7.21884   7.26257   7.55857   8.26534
       80   7.01084   6.89101   7.22166   7.84402
       81   7.08045   6.53128   6.77162    7.4241
       82    6.1608   6.15387    6.4794    6.2929
       83   6.24546    5.6224   6.12696   5.88206
       84   6.00214    5.3354   5.76758   5.89495
       85   5.46628   5.22555   5.47947   5.85823
       86   4.94956   5.15691   5.22438   5.21307
       87   4.53629    5.0775   4.72786   4.76201
       88   4.60443   4.65723   4.51467   4.96229
       89   4.00289   4.31869   4.13371   4.82526
       90   3.85287   3.70273   3.75624   4.20213
       91   3.02218   3.09205   3.31101   11.3998
       92    2.4198   2.65522   2.98666   11.5315
       93   1.94536    2.4239   2.63814   11.7386
       94   2.30313   2.15507   2.15165   2.06253
       95    2.8562   1.77976   1.65702   2.51707
       96   1.84511    1.3816     1.269   2.06725
       97  0.884563   1.11051   1.03236    1.7118
       98  0.467455  0.603942   0.81463   1.16166
       99  0.182459  0.316966  0.484561   11.5169
      100  0.583922  0.215371  0.387005   17.5972
