       1  1.39204 0.169751 0.169751   1.3654
       2  1.39204 0.169751 0.169751 0.364606
       3 0.747991 0.169751 0.169751 0.364606
       4  1.29583 0.169751 0.169751 0.364606
       5  1.81164 0.584991 0.169751 0.364606
       6 0.979879 0.588163 0.169751 0.364606
       7 0.588163 0.838473 0.608498 0.313968
       8 0.588163 0.584991 0.588163 0.313968
       9  1.29482 0.608498 0.838473 0.417233
      10  1.66885 0.588163 0.580177 0.313968
      11 0.649685 0.608498 0.608498 0.313968
      12 0.649685 0.580177 0.351642 0.482686
      13 0.649685 0.580177 0.351642  1.25967
      14  1.82041 0.580177 0.351642 0.715218
      15  1.57089 0.580177 0.351642 0.715218
      16 0.351642 0.351642 0.351642 0.715218
      17 0.351642 0.580177 0.351642  1.08043
      18 0.351642 0.351642 0.351642 0.713619
      19 0.309166 0.351642 0.351642  1.08043
      20  1.85473 0.351642 0.351642 0.713619
      21  1.40362 0.674528 0.351642  1.08043
      22  2.21896  0.70351 0.351642  1.08043
      23  1.40362  1.09998 0.494396  1.08043
      24  1.76239  1.09998 0.494396 0.199069
      25  1.96486 0.755445 0.494396 0.199069
      26 0.504332 0.755445 0.494396 0.199069
      27 0.755445 0.755445 0.494396 0.199069
      28 0.755445 0.755445 0.494396 0.585815
      29 0.755445 0.495122 0.494396 0.585815
      30 0.495122  0.88413 0.494396 0.585815
      31  1.16253  0.88413 0.702113 0.585815
      32 0.495122 0.495122 0.702113 0.637372
      33  1.16253 0.495122 0.702113 0.637372
      34  1.97922   1.0509 0.702113 0.637372
      35  1.25039  1.00916 0.702113 0.637372
      36  1.46203  1.00916 0.702113 0.637372
      37  1.26597 0.607913 0.440414 0.637372
      38  1.26597 0.607913 0.427658 0.637372
      39 0.607913 0.690167 0.427658 0.273534
      40 0.607913 0.427658 0.427658  1.09907
      41 0.607913 0.427658 0.427658  1.09907
      42 0.690167 0.427658 0.607913  1.09907
      43 0.690167 0.427658 0.607913  1.09907
      44  2.53579 0.427658 0.427658  1.09907
      45  1.44574 0.719901 0.607913 0.559116
      46  1.86533 0.427658  1.06097 0.361235
      47  2.12767  1.15496  1.06097 0.361235
      48  2.12767  1.46897  2.25681 0.361235
      49   1.2905  2.13907  3.36145  2.57269
      50  15.4598  15.4598  14.0927  15.5694
      51   18.136  16.2161  15.4598  15.5694
      52  16.8178  16.2161  16.0403  15.5694
      53  16.7354  16.2161  16.2046  17.0085
      54  16.7354  16.2161  16.2046  17.0085
      55  16.0251  16.2046  16.4561  15.5694
      56  16.0251  16.2046  16.0403  15.9932
      57  15.7894  16.2046  16.0403  15.9055
      58   14.921  16.0403  15.1824  15.9055
      59   14.921  14.6333  14.6333  14.5342
      60   14.921  14.6333   14.782  14.5342
      61  16.3204  14.6333  14.6333  14.4727
      62    13.82    13.82    13.82  14.4727
      63    13.82    13.82  13.1524  14.4727
      64    13.82    13.82  13.1524  12.8172
      65   13.317  13.1524  13.1524  12.8172
      66  12.3405  12.2383  12.2383  11.9426
      67  12.3405  12.2383  11.5828  11.9426
      68  10.6841  11.1916  11.1916  11.0947
      69  12.2383  10.7611  11.1916  11.0947
      70  11.2627  10.7611  10.7611  10.3699
      71  9.84818  10.7611  10.7611  10.3699
      72  9.84818   9.1001   9.4165  10.0188
      73  9.68248   9.1001   9.4165  9.37631
      74  9.68248  8.76827   9.4165  9.37631
      75  9.00045  8.76827  8.76827  9.14261
      76  9.00045  8.76827  8.47243  9.14261
      77  9.92668  8.76827  8.47243   7.6908
      78  9.92668  8.76827  8.23012   7.6908
      79  7.69474  7.69474  8.23012  6.89335
      80  7.69474  7.02205   7.0259  7.28929
      81   7.0259  7.02205   7.0259  7.28929
      82   7.0259  7.02205   7.0259  6.89335
      83   7.0259  7.02205  6.30198  5.71065
      84  5.93254  5.93254  6.30198  5.71065
      85  4.97059  5.42286  6.30198  4.92058
      86  4.89851  4.43534  5.42286  4.92058
      87  3.30536  4.20893   4.1365  4.92058
      88  3.30536  4.20893   4.1365  4.20493
      89  4.02162  4.08661   4.1365  4.20493
      90  4.02162  4.08661  3.99006  3.97867
      91  3.41172   2.9216  2.94976  3.97867
      92  3.41172  2.48761  2.94976  3.97867
      93  1.38289  2.48761  2.48761  2.41234
      94  1.05415  2.48761  1.97124  2.41234
      95  1.05415  1.19519  1.97124  2.32289
      96   1.0581  1.19519  1.97124  1.11191
      97   1.0581  1.52767  1.97124  1.11191
      98   1.0581  1.52767  1.52767  1.11191
      99  1.97124  1.04057  1.05415  1.11191
     100   1.5362  1.04057  1.52767  1.11191
