       1        0  1.14847  1.35487
       2        0  2.06538  85.7627
       3        0  3.09308  162.146
       4        0  2.13931 0.901994
       5        0  1.49451  3.54837
       6        0  1.69278 0.414144
       7        0  3.51063  1.08404
       8        0  1.28132  1.44953
       9        0   1.1468  1.31927
      10        0  3.14584  2.73992
      11        0  1.74645  1.08844
      12        0  1.75523  2.86391
      13        0  1.83889  2.84405
      14        0  2.25685   2.2131
      15        0  1.15169  5.98017
      16        0  3.12305  1.48956
      17        0   1.7548  2.36261
      18        0  2.86413  2.69258
      19        0  2.78269  3.44236
      20        0  5.34358  4.48552
      21        0  0.98118  2.59195
      22        0  3.11927  4.54345
      23        0 0.893727  3.93996
      24        0 0.443612 0.488764
      25        0  1.04157  2.12276
      26        0   1.4812   154.23
      27        0  1.49074  2.19805
      28        0  1.68111  1.95047
      29        0  2.71269  3.51491
      30        0  2.18212  3.47895
      31        0  0.49113  2.71459
      32        0  1.63034  3.67953
      33        0   3.7215  1.36708
      34        0  0.89667  1.58393
      35        0  1.74105  1.50783
      36        0  2.03024  44.8918
      37        0   1.8644  2.67959
      38        0  2.74299   1.2688
      39        0  1.57194  2.67807
      40        0  2.18174  2.36097
      41        0  2.40678   1.3397
      42        0 0.762991  3.60801
      43        0  1.29596  2.26374
      44        0  1.10772  1.71506
      45        0  1.19272   4.0323
      46        0  1.76979  66.1136
      47        0  2.65041 0.835594
      48        0  2.60868  1.98924
      49        0  1.29266  1.43133
      50       18  15.9355  16.7079
      51    17.64  20.2718   17.664
      52    17.28   19.353  18.2064
      53    16.92  15.9102  17.5526
      54    16.56  15.7881  17.9928
      55     16.2  16.8389  18.1947
      56    15.84  17.1179  18.9728
      57    15.48  14.4809  16.4267
      58    15.12   15.099  14.5593
      59    14.76  14.9245  14.0719
      60     14.4  16.5153  15.1986
      61    14.04  13.7102  15.7919
      62    13.68  12.9563  16.0036
      63    13.32  11.5524  16.1857
      64    12.96  14.0507  12.5575
      65     12.6  12.0335  11.8874
      66    12.24  13.7183  13.5768
      67    11.88   11.232   11.428
      68    11.52  13.2137  12.9994
      69    11.16  12.5603  9.85543
      70     10.8  9.70207  9.93505
      71    10.44  12.1061  10.4758
      72    10.08  9.61433  9.83175
      73     9.72  12.9143  11.3098
      74     9.36  9.11396  5.06765
      75        9  14.2422  9.37838
      76     8.64  9.24339  13.3125
      77     8.28   8.4038  8.16245
      78     7.92  9.01855  7.18857
      79     7.56  7.78325  9.66475
      80      7.2  7.81222  6.03664
      81     6.84  7.35759  5.71608
      82     6.48  4.85821  6.62798
      83     6.12  6.01576  5.25043
      84     5.76  8.09771  4.40205
      85      5.4  6.22257  8.71042
      86     5.04  3.59876   3.1133
      87     4.68  6.95604  3.85991
      88     4.32  2.44177   3.7392
      89     3.96  4.13513  1.79593
      90      3.6  4.47446  2.00245
      91     3.24  2.64136  6.50828
      92     2.88  1.47633  39.6765
      93     2.52  1.05134  6.04992
      94     2.16  5.47607  4.65546
      95      1.8  5.00823 0.816749
      96     1.44  1.01073    1.255
      97     1.08  1.24849  3.78587
      98     0.72  1.02719  1.19311
      99     0.36  1.71073 0.589014
     100        0  1.22118  3.29131
