        1  0.532133  0.231836  0.540919  0.364556
        2   0.50278 0.0995477  0.495191  0.450981
        3  0.658411   1.04935  0.472848  0.459187
        4  0.488608   0.91159   0.34937  0.180478
        5 0.0639595  0.438745   0.16703  0.275746
        6 0.0440322  0.532959  0.155415  0.455616
        7   0.27547  0.406053  0.308039  0.419276
        8  0.626974  0.860491  0.503644  0.317896
        9  0.794399  0.616521  0.639557  0.286477
       10  0.955698   1.23237   0.72052  0.357678
       11  0.862538    1.3777  0.656708  0.415531
       12  0.570862   1.16369  0.480245  0.348861
       13  0.323392  0.708524  0.304654  0.320005
       14  0.440875  0.838939  0.281838  0.439166
       15   0.61568   0.96656  0.379015  0.390601
       16  0.573631  0.195439  0.434609  0.365487
       17  0.591405  0.470316  0.470579  0.545661
       18  0.573476  0.398527  0.456569  0.624603
       19  0.454014   0.67499  0.367123  0.651145
       20  0.175813  0.505224  0.217872  0.553765
       21  0.292842  0.392739  0.207613  0.348697
       22  0.547996   1.09175  0.313452 0.0364999
       23  0.589541   1.10305  0.385132  0.153841
       24  0.455408  0.363387  0.399724    0.3015
       25  0.648084  0.954628  0.479763  0.473485
       26  0.660522   0.65917   0.46979  0.448572
       27  0.726528    1.3799  0.421891  0.447125
       28  0.390848  0.818579  0.227432  0.560173
       29  0.387262   1.17281  0.163947  0.661272
       30  0.564702   1.22901  0.259128  0.686708
       31  0.414308  0.456278  0.233717  0.577055
       32  0.238742 0.0915223  0.166562  0.422024
       33  0.198383  0.425126  0.132456  0.312814
       34  0.261153  0.546724   0.14472  0.367633
       35  0.425007   1.08065  0.208163  0.529701
       36  0.414615  0.714243  0.253103  0.660001
       37  0.399137  0.591549  0.306291  0.639217
       38  0.516728  0.692677  0.389832  0.674159
       39  0.657102   1.23289  0.431452  0.701126
       40  0.408889  0.249753   0.32368  0.649948
       41  0.319845  0.410806  0.298919  0.536187
       42  0.519248   1.33571  0.472405  0.352601
       43  0.499105   1.17902  0.588111  0.196955
       44  0.266241  0.132104  0.604968 0.0460219
       45  0.346993  0.249084   0.48235   0.16934
       46  0.449314  0.796524  0.283074 0.0711696
       47    0.6793  0.821783   1.36329  0.680993
       48   2.17771   1.31095   3.56659   2.64961
       49   5.96706   3.85128   6.91118   6.27502
       50   11.6128   13.1471   10.9515   10.8034
       51   15.7159   17.2694   14.3109   14.3174
       52    17.731   18.0985   16.4837   16.2266
       53   18.2835   18.1734   17.5169   16.8157
       54   17.8931   17.5493   17.6316   16.8505
       55   17.1219    17.089   17.1823   16.3886
       56   16.1412   16.0853   16.4302   15.8618
       57   15.3013   15.5152   15.6508   15.1931
       58   14.5368   14.5269   14.9345   14.5641
       59   14.0673   13.9469   14.3918   14.2946
       60   13.9832   14.3895   14.0452   14.2382
       61   13.7733   14.0884   13.7143   14.0643
       62   13.3621    13.356   13.3455   13.8188
       63   12.8275   12.4057   12.9558   13.5426
       64   12.5987   12.6392   12.6819   13.1824
       65   12.4271   12.3301   12.4557   12.8283
       66   12.5061   13.2317   12.3161   12.4913
       67   12.1869   12.4708   12.0558   12.1207
       68   11.7221   11.5411   11.7366    11.821
       69   11.3796   10.9993   11.4409   11.4564
       70   11.3162   11.5102   11.2131   11.0576
       71   11.1765   11.5522   10.9372    10.481
       72   10.8888   11.4635   10.5738   9.70251
       73   10.3883   11.3332   10.1001   9.11489
       74     9.525   9.73168   9.49574   8.72442
       75   8.91869   9.09577   8.97396   8.53702
       76   8.54417    8.8595   8.55031    8.2027
       77   8.24521   8.50734   8.18359   7.96132
       78   7.95842    8.0657   7.84303    7.7067
       79   7.69935   8.22176   7.51522    7.5223
       80    7.0555   6.53903   7.07758   7.36602
       81    6.7669   6.59893   6.74745   7.30513
       82   6.62106   7.32403   6.45701   7.27744
       83   6.15958   6.52717   6.06551   7.09774
       84   5.61696   5.64715   5.64051   6.47399
       85   5.08725   5.09584   5.21761   5.67689
       86   4.53422   3.97914   4.80657   4.96022
       87   4.38443   4.43876   4.54321    4.4301
       88   4.09979   3.81187   4.26782   4.04799
       89   3.89046   3.50005   4.02729   3.77302
       90   3.79944   3.60094   3.81818   3.49842
       91   3.70745   3.66293   3.58865   3.26531
       92   3.70936   4.31336   3.35124   2.83317
       93   3.42689   4.19012   2.98579   2.27369
       94   2.74901   3.08784   2.46678   1.76587
       95   2.04317   2.24946   1.93225   1.38533
       96    1.4152   1.16071   1.45355   1.18421
       97   1.12616  0.887815   1.12796   1.11749
       98   1.08312   1.50102  0.929098    1.0564
       99  0.931697   1.55495  0.746328    1.0865
      100  0.793616   1.34361  0.611846   1.12258
